1;BTC;1;42639.63383287;28884806154.6945;28884806154.6945;0;0;-0.264205;-1.435901;9.519681;25.05856801;24.97049027;-0.13883352;42.2307;0.03565809;2022-03-29 22:48:12;2022-03-30 00:48:52
1027;ETH;2;3044.42795886;17882550171.7684;17882550171.7684;0;0;-0.428916;-0.85166;10.926183;28.56931242;33.10639364;-9.60429688;19.0636;0.0488818;2022-03-29 22:48:12;2022-03-30 00:48:52
825;USDT;3;0.90162825;74169286944.9944;74169286944.9944;0;0;-0.168026;-0.710313;-1.570569;0.00361097;-0.00476911;0.02501274;3.8311;1.00885161;2022-03-29 22:48:12;2022-03-30 00:48:52
1839;BNB;4;390.26509844;1824492405.11494;1824492405.11494;0;0;-0.240682;-1.299699;4.975331;18.98499284;12.36164487;-16.9158233;3.3595;0.02831335;2022-03-29 22:48:12;2022-03-30 00:48:52
3408;USDC;5;0.90109875;4244651373.93492;4244651373.93492;0;0;-0.171339;-0.705449;-1.563371;0.0103209;-0.09287348;-0.04755736;2.4333;0.09094182;2022-03-29 22:48:12;2022-03-30 00:48:52
52;XRP;6;0.77001471;2045351971.88417;2045351971.88417;0;0;-0.743819;-4.800048;0.283884;18.30331523;39.93255273;2.41245401;1.9309;0.05519871;2022-03-29 22:48:12;2022-03-30 00:48:52
2010;ADA;7;1.06566073;1659645973.80103;1659645973.80103;0;0;-0.406637;-2.073893;19.844619;38.45904382;12.30220347;-13.5782544;1.8737;0.04617753;2022-03-29 22:48:12;2022-03-30 00:48:52
4172;LUNA;8;97.14470011;3842288847.31467;3842288847.31467;0;0;1.002489;8.616455;13.829196;45.84332514;113.27582096;27.02749781;1.7994;0.11126925;2022-03-29 22:48:12;2022-03-30 00:48:52
5426;SOL;9;99.62173868;2887894613.48438;2887894613.48438;0;0;-1.50083;-0.679725;18.920855;28.93299542;20.70189004;-36.5898952;1.6885;0.08916515;2022-03-29 22:48:12;2022-03-30 00:48:52
5805;AVAX;10;82.28268848;1533144147.49807;1533144147.49807;0;0;-0.70038;-1.918764;5.058923;21.15533835;36.23299193;-13.76746527;1.1465;0.06971272;2022-03-29 22:48:12;2022-03-30 00:48:52
6636;DOT;11;19.89262346;1072519670.77858;1072519670.77858;0;0;-0.718324;-2.609072;8.70039;25.09358841;20.2404527;-20.12264001;1.0242;0.05459354;2022-03-29 22:48:12;2022-03-30 00:48:52
74;DOGE;12;0.12921657;941914419.347975;941914419.347975;0;0;-0.549989;-4.02676;15.053515;16.08749993;1.23734066;-16.74053991;0.8933;0.05494371;2022-03-29 22:48:12;2022-03-30 00:48:52
4687;BUSD;13;0.90074516;5276890466.02923;5276890466.02923;0;0;-0.196937;-0.658172;-1.521983;-0.16928049;-0.23588549;-0.08101364;0.8238;0.33395592;2022-03-29 22:48:12;2022-03-30 00:48:52
7129;UST;14;0.90073424;566342826.984551;566342826.984551;0;0;-0.143417;-0.695262;-1.74595;-0.44400405;0.52448504;-0.16687331;0.7646;0.03861808;2022-03-29 22:48:12;2022-03-30 00:48:52
5994;SHIB;15;2.412e-05;2017658547.18004;2017658547.18004;0;0;-0.242558;-4.093563;11.496312;13.17121991;26.37742908;-21.95992873;0.6905;0.15233731;2022-03-29 22:48:12;2022-03-30 00:48:52
3717;WBTC;16;42619.3305184;247913914.851478;247913914.851478;0;0;-0.355727;-1.499974;9.38545;25.29336656;24.69915262;-1.17565966;0.6095;0.02120413;2022-03-29 22:48:12;2022-03-30 00:48:52
3890;MATIC;17;1.491903;783529597.058897;783529597.058897;0;0;-1.127175;-3.631895;7.905806;12.86407824;-1.88408565;-35.05115749;0.5987;0.06819677;2022-03-29 22:48:12;2022-03-30 00:48:52
3635;CRO;18;0.4319296;100311375.932519;100311375.932519;0;0;-0.89867;-2.991387;12.366639;20.77142477;13.80464094;-13.82087809;0.5686;0.00919289;2022-03-29 22:48:12;2022-03-30 00:48:52
4943;DAI;19;0.9007062;313508086.161123;313508086.161123;0;0;-0.135382;-0.731667;-1.555152;-0.03366908;-0.06431423;0.14084897;0.4513;0.03619627;2022-03-29 22:48:12;2022-03-30 00:48:52
6535;NEAR;20;12.52646979;937083604.418458;937083604.418458;0;0;-1.206332;6.749086;22.966831;62.78896476;28.90436134;-4.85236198;0.4322;0.11298176;2022-03-29 22:48:12;2022-03-30 00:48:52
2;LTC;21;116.48404774;770464492.435679;770464492.435679;0;0;-0.24755;-1.403207;4.588218;24.8349177;18.39835134;-13.33380847;0.4246;0.09455369;2022-03-29 22:48:12;2022-03-30 00:48:52
3794;ATOM;22;26.89617429;1074199559.49667;1074199559.49667;0;0;-0.910482;-2.846497;4.60972;8.6567316;1.97422349;7.86212424;0.4015;0.1394654;2022-03-29 22:48:12;2022-03-30 00:48:52
1975;LINK;23;15.11444677;669256071.833937;669256071.833937;0;0;-0.278134;-1.739077;6.541961;21.70912839;4.41121095;-17.39353839;0.368;0.0948144;2022-03-29 22:48:12;2022-03-30 00:48:52
7083;UNI;24;10.01272899;297698477.362521;297698477.362521;0;0;-0.411184;-2.203707;11.295534;12.62331259;4.97893241;-37.05938382;0.3596;0.04314005;2022-03-29 22:48:12;2022-03-30 00:48:52
1831;BCH;25;335.01850337;4185142189.77561;4185142189.77561;0;0;0.26066;-2.601455;-3.882856;21.72504216;25.80498547;-14.91965422;0.3321;0.65672541;2022-03-29 22:48:12;2022-03-30 00:48:52
1958;TRX;26;0.06211107;932058400.869346;932058400.869346;0;0;-0.743624;-2.927959;7.459425;18.12841626;19.64882584;-10.98844696;0.3293;0.14756361;2022-03-29 22:48:12;2022-03-30 00:48:52
4195;FTT;27;45.72794411;159231047.356872;159231047.356872;0;0;-0.221891;-4.264274;9.568914;21.49657675;27.0854322;29.12604074;0.3272;0.02536183;2022-03-29 22:48:12;2022-03-30 00:48:52
1321;ETC;28;44.63026401;2360478212.15079;2360478212.15079;0;0;1.998924;2.297718;5.001298;79.12400653;97.15945503;42.53479935;0.3115;0.39507411;2022-03-29 22:48:12;2022-03-30 00:48:52
4030;ALGO;29;0.82064501;272560107.773483;272560107.773483;0;0;-0.678002;-3.674813;9.255997;13.62760496;-5.58102232;-42.5469173;0.2836;0.05007395;2022-03-29 22:48:12;2022-03-30 00:48:52
512;XLM;30;0.20823707;465604453.174964;465604453.174964;0;0;-0.475856;-2.933293;9.718785;26.44976177;16.43195082;-15.31237128;0.268;0.09052044;2022-03-29 22:48:12;2022-03-30 00:48:52
3957;LEO;31;5.3812882;5874778.94810964;5874778.94810964;0;0;0.001839;-3.495215;-5.533507;0.1206881;73.38247103;60.84575967;0.2675;0.0011444;2022-03-29 22:48:12;2022-03-30 00:48:52
1274;WAVES;32;45.4487811;3824475152.78327;3824475152.78327;0;0;1.377925;19.237121;52.448773;344.15007531;401.70619481;243.13741768;0.2555;0.78012645;2022-03-29 22:48:12;2022-03-30 00:48:52
4642;HBAR;33;0.22769357;191871273.63877;191871273.63877;0;0;-0.145767;3.530291;15.532783;19.55290902;16.64106891;-12.2829069;0.2321;0.04306966;2022-03-29 22:48:12;2022-03-30 00:48:52
1966;MANA;34;2.39757306;432900411.891879;432900411.891879;0;0;-0.902445;-4.615733;7.292559;3.33053672;16.18279249;-20.08303337;0.23;0.09808607;2022-03-29 22:48:12;2022-03-30 00:48:52
2280;FIL;35;23.44111522;1454378124.62575;1454378124.62575;0;0;-0.608079;-4.533785;39.767161;25.94102143;32.51601451;-25.54731264;0.225;0.33700364;2022-03-29 22:48:12;2022-03-30 00:48:52
8916;ICP;36;19.69734503;378834713.971538;378834713.971538;0;0;-0.584178;-4.454157;18.1749;25.80193539;8.81259522;-10.36251669;0.222;0.0889126;2022-03-29 22:48:12;2022-03-30 00:48:52
3077;VET;37;0.06435926;537184724.261445;537184724.261445;0;0;-1.066392;-3.861969;32.436156;55.32328824;33.11783869;-15.49131803;0.2157;0.12977662;2022-03-29 22:48:12;2022-03-30 00:48:52
6892;EGLD;38;176.86578287;176468870.966478;176468870.966478;0;0;-0.140929;-2.871217;4.699492;43.9454405;35.94789666;-19.18100511;0.2002;0.04594212;2022-03-29 22:48:12;2022-03-30 00:48:52
6210;SAND;39;3.1219357;688541620.708953;688541620.708953;0;0;-1.498288;-4.087019;8.802509;18.2782824;-0.48832134;-41.18922254;0.1871;0.19190257;2022-03-29 22:48:12;2022-03-30 00:48:52
4157;RUNE;40;10.82816892;435165488.909933;435165488.909933;0;0;-1.684853;14.734435;36.065342;241.3871906;197.4544613;73.07180695;0.1867;0.12152928;2022-03-29 22:48:12;2022-03-30 00:48:52
328;XMR;41;197.74917316;144247335.375168;144247335.375168;0;0;0.139105;-0.6192;10.591994;44.05627124;47.20552754;1.50933572;0.1865;0.04030099;2022-03-29 22:48:12;2022-03-30 00:48:52
6783;AXS;42;57.81501672;846803645.76756;846803645.76756;0;0;-1.010723;-7.235565;20.379286;31.90702347;38.4063356;-33.28760016;0.1835;0.24047575;2022-03-29 22:48:12;2022-03-30 00:48:52
2416;THETA;43;3.47636835;492333183.547974;492333183.547974;0;0;-0.287865;2.454201;23.048195;38.72171978;31.45490713;-24.33563547;0.1812;0.14162285;2022-03-29 22:48:12;2022-03-30 00:48:52
18876;NA;44;12.24673846;849474060.354546;849474060.354546;0;0;0.112205;-8.320249;9.232162;1258.322638;1258.322638;1258.322638;0.1772;0.2499578;2022-03-29 22:48:12;2022-03-30 00:48:52
3513;FTM;45;1.26196549;510046543.487575;510046543.487575;0;0;-1.226695;-4.331836;7.12042;-12.92984008;-34.14382443;-35.4222928;0.1674;0.1588084;2022-03-29 22:48:12;2022-03-30 00:48:52
4256;KLAY;46;1.09002035;116380937.302008;116380937.302008;0;0;-0.319264;-1.65957;7.077386;2.7517163;1.29424158;-5.63398104;0.157;0.03863585;2022-03-29 22:48:12;2022-03-30 00:48:52
2011;XTZ;47;3.38189742;141813970.281451;141813970.281451;0;0;-0.743632;-2.909559;11.817854;19.70289136;24.28025549;-13.77893037;0.1568;0.04716197;2022-03-29 22:48:12;2022-03-30 00:48:52
7278;AAVE;48;192.74833038;1293768916.67082;1293768916.67082;0;0;1.278592;21.847315;36.349677;59.75344797;43.68340116;-12.39142868;0.1372;0.49144897;2022-03-29 22:48:12;2022-03-30 00:48:52
1765;EOS;49;2.5924659;884443691.123412;884443691.123412;0;0;0.612462;-2.0688;13.189801;36.66097112;24.56624184;-6.78384753;0.1331;0.34616648;2022-03-29 22:48:12;2022-03-30 00:48:52
1437;ZEC;50;174.70928757;273338146.848243;273338146.848243;0;0;-1.422071;-3.235162;8.136355;88.54907475;113.63698728;30.95398746;0.128;0.11131874;2022-03-29 22:48:12;2022-03-30 00:48:52
5665;HNT;51;21.42526287;40373073.1117243;40373073.1117243;0;0;-0.341626;-2.804908;-6.188475;3.8314449;-12.28358219;-38.41074975;0.1276;0.01648264;2022-03-29 22:48:12;2022-03-30 00:48:52
4558;FLOW;52;6.25075487;251062788.420737;251062788.420737;0;0;-1.705341;-1.651095;11.200382;19.90031273;24.11841379;-20.99636139;0.1161;0.11267837;2022-03-29 22:48:12;2022-03-30 00:48:52
7186;CAKE;53;7.74177984;271344119.558491;271344119.558491;0;0;-1.116759;3.700097;21.405169;36.58228296;20.54749168;-28.07478448;0.1125;0.12564384;2022-03-29 22:48:12;2022-03-30 00:48:52
1720;MIOTA;54;0.76622003;62331379.6169609;62331379.6169609;0;0;-0.578926;-3.122691;7.19002;19.07407526;4.05614059;-44.47398794;0.111;0.02926724;2022-03-29 22:48:12;2022-03-30 00:48:52
6719;GRT;55;0.43604129;292524082.265705;292524082.265705;0;0;1.323096;7.584284;15.679371;41.47218819;17.15117647;-25.07660006;0.1072;0.14226059;2022-03-29 22:48:12;2022-03-30 00:48:52
1518;MKR;56;1893.79468758;73155992.1336306;73155992.1336306;0;0;-0.483563;-0.408362;0.627775;14.78116703;12.5572858;-13.39011311;0.0965;0.03951318;2022-03-29 22:48:12;2022-03-30 00:48:52
16086;BTT;57;1.89e-06;113919289.62999;113919289.62999;0;0;-1.029502;-2.433685;10.505179;12.56347026;0.35996319;-12.55465364;0.0908;0.06539171;2022-03-29 22:48:12;2022-03-30 00:48:52
1376;NEO;58;23.94059258;452808641.417357;452808641.417357;0;0;-1.174238;0.401817;9.744751;32.3592006;39.56112974;-0.23943251;0.088;0.26813379;2022-03-29 22:48:12;2022-03-30 00:48:52
4847;STX;59;1.28860325;54953256.0025131;54953256.0025131;0;0;-2.031869;-2.335681;7.232904;25.75584046;-3.40778223;-35.2060344;0.0877;0.03267413;2022-03-29 22:48:12;2022-03-30 00:48:52
3945;ONE;60;0.14171767;152001890.711829;152001890.711829;0;0;-1.313742;-3.917152;7.900325;10.50987445;-12.98429082;-32.27702544;0.0874;0.09058005;2022-03-29 22:48:12;2022-03-30 00:48:52
7080;GALA;61;0.24000673;800343923.042941;800343923.042941;0;0;-0.508101;-2.903679;8.221339;12.32922625;39.68557138;-41.9197393;0.0873;0.47793818;2022-03-29 22:48:12;2022-03-30 00:48:52
3602;BSV;62;87.23584329;186780827.802199;186780827.802199;0;0;0.262004;-1.401165;4.225921;18.03224712;6.92715154;-20.82304472;0.0865;0.11258302;2022-03-29 22:48:12;2022-03-30 00:48:52
10791;XEC;63;8.377e-05;49543557.1623007;49543557.1623007;0;0;-0.017451;-4.776527;8.779636;27.10366424;28.0448823;-15.52806743;0.0831;0.0310997;2022-03-29 22:48:12;2022-03-30 00:48:52
2087;KCS;64;19.6701062;28497331.4108522;28497331.4108522;0;0;0.169235;10.128164;17.103141;14.06405564;30.29498474;4.27017954;0.0822;0.01808273;2022-03-29 22:48:12;2022-03-30 00:48:52
3155;QNT;65;129.53189165;35494634.6237415;35494634.6237415;0;0;-0.86419;-2.243358;9.391765;34.64719057;45.80528956;-20.96842813;0.0815;0.02269762;2022-03-29 22:48:12;2022-03-30 00:48:52
4066;CHZ;66;0.260388;822033264.829337;822033264.829337;0;0;-1.328569;6.153234;36.174986;72.22618549;61.34489242;-1.98072773;0.0815;0.52613146;2022-03-29 22:48:12;2022-03-30 00:48:52
1934;LRC;67;1.1566224;1078612045.09208;1078612045.09208;0;0;2.313775;6.436979;55.262351;75.43174932;29.64505271;-36.64123837;0.0801;0.70133906;2022-03-29 22:48:12;2022-03-30 00:48:52
9903;CVX;68;26.03912627;26963438.1354882;26963438.1354882;0;0;-1.364064;-6.860715;36.545669;62.51935437;19.88636581;-38.05185989;0.0752;0.01868289;2022-03-29 22:48:12;2022-03-30 00:48:52
5034;KSM;69;162.88680971;111947460.013982;111947460.013982;0;0;-1.043306;1.904279;13.150068;52.57942414;7.29162844;-37.45582827;0.0719;0.08114091;2022-03-29 22:48:12;2022-03-30 00:48:52
2130;ENJ;70;1.55204577;216167119.863819;216167119.863819;0;0;-1.313219;-4.891417;15.912728;24.15236315;5.220978;-36.41697335;0.0706;0.15950398;2022-03-29 22:48:12;2022-03-30 00:48:52
2502;HT;71;8.42197721;34466861.5655791;34466861.5655791;0;0;0.013311;-0.498111;0.600911;1.83971744;6.22500581;-4.04214899;0.0683;0.02628902;2022-03-29 22:48:12;2022-03-30 00:48:52
5567;CELO;72;3.05377195;217578626.815152;217578626.815152;0;0;-1.294589;-0.493809;14.649613;42.94800977;7.61556027;-25.82824782;0.068;0.16670809;2022-03-29 22:48:12;2022-03-30 00:48:52
131;DASH;73;116.12019215;284907591.885421;284907591.885421;0;0;-0.452321;-2.41206;-1.680797;44.94785132;35.40837155;-4.7079782;0.0645;0.23034327;2022-03-29 22:48:12;2022-03-30 00:48:52
2563;TUSD;74;0.9013474;141417451.150954;141417451.150954;0;0;-0.158741;-0.677957;-1.527363;0.02838116;0.02963406;-0.00828916;0.0638;0.11550129;2022-03-29 22:48:12;2022-03-30 00:48:52
2694;NEXO;75;2.17504989;7515727.33692;7515727.33692;0;0;-0.578936;-0.431014;8.789335;25.43251193;33.21511275;1.42824898;0.0635;0.00617041;2022-03-29 22:48:12;2022-03-30 00:48:52
1697;BAT;76;0.7959714;141595640.042733;141595640.042733;0;0;-0.315172;-2.863932;6.471955;31.55793952;2.50462288;-25.76521031;0.0621;0.1188175;2022-03-29 22:48:12;2022-03-30 00:48:52
6538;CRV;77;2.49543007;350359999.127404;350359999.127404;0;0;-1.146904;3.032129;19.858952;24.80976589;-5.27424342;-43.6813159;0.061;0.29933047;2022-03-29 22:48:12;2022-03-30 00:48:52
5632;AR;78;35.00734485;60391690.3019414;60391690.3019414;0;0;0.36647;0.096894;17.695518;31.90143002;22.11786102;-30.65738909;0.0609;0.05165834;2022-03-29 22:48:12;2022-03-30 00:48:52
3897;OKB;79;19.45708805;121215744.151484;121215744.151484;0;0;-0.696862;-5.043165;7.552334;27.51300965;2.55151084;-25.92726151;0.0609;0.10383169;2022-03-29 22:48:12;2022-03-30 00:48:52
2469;ZIL;80;0.09035082;718464914.886446;718464914.886446;0;0;-0.719471;-5.338146;117.602414;156.65523696;121.15019915;25.27362984;0.0592;0.63194542;2022-03-29 22:48:12;2022-03-30 00:48:52
5647;KDA;81;6.09554167;59027610.3156996;59027610.3156996;0;0;-1.26629;-3.23792;8.153121;10.98551442;15.52486503;-48.18929987;0.0544;0.05653494;2022-03-29 22:48:12;2022-03-30 00:48:52
6945;AMP;82;0.02425125;14668412.5187834;14668412.5187834;0;0;-1.111334;-3.479177;-0.639494;-0.86635058;-10.16776233;-45.51699017;0.0534;0.01432358;2022-03-29 22:48:12;2022-03-30 00:48:52
8646;MINA;83;2.30948754;50419182.4429351;50419182.4429351;0;0;-1.597007;-5.359621;15.581928;29.62110088;10.8946335;-24.89519983;0.0526;0.04997426;2022-03-29 22:48:12;2022-03-30 00:48:52
873;XEM;84;0.10790606;72545852.0030263;72545852.0030263;0;0;-0.75198;2.586159;8.907119;19.5752083;20.60742126;-5.45167752;0.0506;0.07470063;2022-03-29 22:48:12;2022-03-30 00:48:52
2682;HOT;85;0.00557948;146326228.242614;146326228.242614;0;0;-0.359493;-5.285685;34.22375;51.12118613;38.24815882;-18.1954369;0.0504;0.15134042;2022-03-29 22:48:12;2022-03-30 00:48:52
18069;GMT;86;1.58804107;3050194495.7532;3050194495.7532;0;0;-0.296898;68.718434;121.49288;1047.48033137;1047.48033137;1047.48033137;0.0497;3.20121287;2022-03-29 22:48:12;2022-03-30 00:48:52
3822;TFUEL;87;0.17265575;55172400.532399;55172400.532399;0;0;-0.311516;-3.473497;9.880407;15.92196467;8.48772406;-2.49180925;0.0477;0.06027892;2022-03-29 22:48:12;2022-03-30 00:48:52
3330;USDP;88;0.9038724;5000840.80663798;5000840.80663798;0;0;-0.056174;-0.654354;-1.121615;0.57380982;0.52773351;0.25093161;0.0445;0.00585071;2022-03-29 22:48:12;2022-03-30 00:48:52
7653;ROSE;89;0.24280868;91501430.650364;91501430.650364;0;0;-0.631591;-4.641598;3.681672;22.93262977;-13.5871216;-30.2043475;0.0442;0.10788556;2022-03-29 22:48:12;2022-03-30 00:48:52
5692;COMP;90;126.82539461;413792628.647351;413792628.647351;0;0;-0.495493;8.367032;20.500224;30.26222379;13.799519;-30.44592461;0.044;0.48978662;2022-03-29 22:48:12;2022-03-30 00:48:52
1168;DCR;91;59.69799977;3815429.00331584;3815429.00331584;0;0;-0.197952;-1.07656;13.054392;20.46678955;9.71858548;-6.2547675;0.0432;0.00460157;2022-03-29 22:48:12;2022-03-30 00:48:52
1659;GNO;92;431.26182874;70677302.9090582;70677302.9090582;0;0;-0.523914;1.744826;42.951292;49.26478667;77.63625502;-3.72104138;0.0419;0.08787267;2022-03-29 22:48:12;2022-03-30 00:48:52
5604;SCRT;93;4.84270073;25387871.0522928;25387871.0522928;0;0;-1.168144;-1.218354;12.292694;5.40557626;-5.04843903;6.52245434;0.0412;0.03210438;2022-03-29 22:48:12;2022-03-30 00:48:52
2777;IOTX;94;0.08204022;66866779.2652974;66866779.2652974;0;0;0.029109;-2.266023;-3.355036;27.75199566;18.81793983;-26.9264292;0.0408;0.0854279;2022-03-29 22:48:12;2022-03-30 00:48:52
5864;YFI;95;20931.60372723;155544158.096175;155544158.096175;0;0;-0.224328;2.973337;12.30686;19.0377394;-1.15769586;-21.64348983;0.04;0.20282559;2022-03-29 22:48:12;2022-03-30 00:48:52
5068;USDN;96;0.90231041;56688841.6228707;56688841.6228707;0;0;0.060751;-0.761917;-0.955618;0.59969669;2.01442242;0.78011476;0.0399;0.07398858;2022-03-29 22:48:12;2022-03-30 00:48:52
8677;XYM;97;0.13343431;6502421.264551;6502421.264551;0;0;-1.195292;-3.670753;5.980465;4.77782192;-15.54676969;-26.91944682;0.0388;0.00872935;2022-03-29 22:48:12;2022-03-30 00:48:52
1684;QTUM;98;7.41740425;267680453.236542;267680453.236542;0;0;-1.030052;-3.032359;5.908119;39.71931726;42.01599401;-8.73175366;0.0383;0.36427799;2022-03-29 22:48:12;2022-03-30 00:48:52
2700;CEL;99;3.04977963;3862662.63177987;3862662.63177987;0;0;-0.420309;-0.674211;3.022604;16.67824241;45.685578;-16.40436663;0.038;0.00530235;2022-03-29 22:48:12;2022-03-30 00:48:52
3801;BORA;100;0.83107132;68565070.6974771;68565070.6974771;0;0;-2.254238;-3.379509;5.522159;-1.32491486;-11.12094892;-3.62716332;0.0373;0.09579336;2022-03-29 22:48:12;2022-03-30 00:48:52
1808;OMG;101;4.99625599;340585306.73188;340585306.73188;0;0;-0.759734;-0.471301;12.843141;44.10490978;21.1587497;-8.30558695;0.0365;0.48606305;2022-03-29 22:48:12;2022-03-30 00:48:52
4279;SXP;102;1.44243772;169779583.572032;169779583.572032;0;0;-1.100178;-5.128016;3.606556;22.80696229;19.15738912;4.01549718;0.0361;0.24524696;2022-03-29 22:48:12;2022-03-30 00:48:52
8857;ANC;103;2.55595558;153413357.402017;153413357.402017;0;0;-1.003003;8.267278;6.239374;-24.13669876;112.45445174;-17.27278649;0.036;0.22192313;2022-03-29 22:48:12;2022-03-30 00:48:52
2083;BTG;104;39.28025571;53556353.1208481;53556353.1208481;0;0;-0.512234;-1.340415;-0.7569;47.63325599;46.11521548;5.45073844;0.0358;0.07784904;2022-03-29 22:48:12;2022-03-30 00:48:52
4846;KAVA;105;4.04562358;178787574.036661;178787574.036661;0;0;-0.300034;-1.376437;19.108568;47.35156523;40.87566116;23.8697297;0.0351;0.26516647;2022-03-29 22:48:12;2022-03-30 00:48:52
2634;XDC;106;0.0540883;6137800.71613548;6137800.71613548;0;0;-0.716033;-3.035646;11.769277;13.99572081;-2.37810007;-34.54434795;0.0347;0.00922205;2022-03-29 22:48:12;2022-03-30 00:48:52
8104;1INCH;107;1.59911014;183218279.956356;183218279.956356;0;0;-0.194841;-1.011719;12.45351;26.45861587;7.63708287;-27.74693885;0.0345;0.27689663;2022-03-29 22:48:12;2022-03-30 00:48:52
2099;ICX;108;0.85062201;88837689.0137301;88837689.0137301;0;0;-0.728426;-3.326527;18.457846;46.37454571;33.06174413;-36.25872437;0.0337;0.13725424;2022-03-29 22:48:12;2022-03-30 00:48:52
2577;RVN;109;0.06137758;51504292.0515492;51504292.0515492;0;0;-1.36707;-3.924338;16.473019;21.79260662;-2.51898689;-27.49581933;0.0335;0.08012177;2022-03-29 22:48:12;2022-03-30 00:48:52
1727;BNT;110;2.47017824;38289279.8465255;38289279.8465255;0;0;-0.837674;-2.012611;9.277134;26.3648379;15.01983909;-17.23526951;0.0332;0.06004809;2022-03-29 22:48:12;2022-03-30 00:48:52
3783;ANKR;111;0.07772368;70015222.724368;70015222.724368;0;0;-0.727305;-2.274108;11.284911;35.92619269;20.14506733;-14.37533457;0.0331;0.11035568;2022-03-29 22:48:12;2022-03-30 00:48:52
2300;WAXP;112;0.31450803;105573783.93535;105573783.93535;0;0;-1.64757;-1.152616;19.058628;21.35686739;12.74085117;-24.0339202;0.032;0.17182663;2022-03-29 22:48:12;2022-03-30 00:48:52
5777;RENBTC;113;42591.45594471;8282595.41082609;8282595.41082609;0;0;-0.738866;-1.951975;9.522122;25.82303266;24.40236683;-1.13672949;0.0319;0.01353094;2022-03-29 22:48:12;2022-03-30 00:48:52
5691;SKL;114;0.18738025;147478387.336801;147478387.336801;0;0;0.559865;14.448211;50.84952;78.59871643;75.88427962;-1.96109749;0.0317;0.24253609;2022-03-29 22:48:12;2022-03-30 00:48:52
5690;RNDR;115;2.61697241;24294504.8117591;24294504.8117591;0;0;0.233843;-3.691109;0.960486;20.68468339;5.39625842;-38.9449791;0.0316;0.04008141;2022-03-29 22:48:12;2022-03-30 00:48:52
7455;AUDIO;116;0.97680517;52800962.8318873;52800962.8318873;0;0;-0.907828;-0.763337;5.626496;46.98272742;22.3568633;-36.52923181;0.0313;0.08795631;2022-03-29 22:48:12;2022-03-30 00:48:52
6836;GLMR;117;2.97451321;108158130.531031;108158130.531031;0;0;0.699847;5.22755;15.498128;37.74166503;-49.1538089;-70.00184265;0.0311;0.1812929;2022-03-29 22:48:12;2022-03-30 00:48:52
2586;SNX;118;5.14202324;133039310.439243;133039310.439243;0;0;-1.818199;0.515524;6.038483;50.56728223;24.83980694;1.7774722;0.0308;0.22529262;2022-03-29 22:48:12;2022-03-30 00:48:52
7501;WOO;119;0.55638997;25985240.7894505;25985240.7894505;0;0;-0.698332;-2.844051;7.0291;40.44451278;3.20525461;-31.88410541;0.0292;0.04643363;2022-03-29 22:48:12;2022-03-30 00:48:52
3640;LPT;120;26.10078328;16873620.0730515;16873620.0730515;0;0;-0.946425;-3.76599;1.761294;19.12546432;12.01954407;-32.64734198;0.0288;0.03054524;2022-03-29 22:48:12;2022-03-30 00:48:52
4705;PAXG;121;1730.89619198;29490677.7477863;29490677.7477863;0;0;-0.053229;-0.988376;-1.569984;0.67797006;6.76473699;5.96480479;0.0287;0.05356776;2022-03-29 22:48:12;2022-03-30 00:48:52
9444;KNC;122;3.09245867;305798160.156475;305798160.156475;0;0;-0.678836;0.195366;1.854712;79.66489423;91.2329912;167.69977555;0.0287;0.55613006;2022-03-29 22:48:12;2022-03-30 00:48:52
10603;IMX;123;2.33215115;202906869.563805;202906869.563805;0;0;0.284932;-1.649574;10.219647;83.41557173;-9.01436469;-48.91343509;0.0286;0.36978361;2022-03-29 22:48:12;2022-03-30 00:48:52
9436;ELON;124;9.8e-07;46845114.1354493;46845114.1354493;0;0;-0.62182;-1.496126;48.137879;45.35577461;19.31347866;-27.4290529;0.0284;0.08609964;2022-03-29 22:48:12;2022-03-30 00:48:52
1896;ZRX;125;0.6361932;75125741.7609324;75125741.7609324;0;0;-1.518288;-2.36605;22.123561;33.917811;29.0091819;-9.12348259;0.0281;0.13933559;2022-03-29 22:48:12;2022-03-30 00:48:52
2405;IOST;126;0.02888431;122375941.621957;122375941.621957;0;0;-0.942713;-6.968224;24.148152;34.37501596;34.58471773;-1.26596861;0.028;0.22792082;2022-03-29 22:48:12;2022-03-30 00:48:52
1698;ZEN;127;43.39697694;33797619.7826399;33797619.7826399;0;0;-0.97689;-3.791541;4.919269;46.31370112;26.18773417;-23.21407135;0.0276;0.0637311;2022-03-29 22:48:12;2022-03-30 00:48:52
1817;VGX;128;1.90078632;8852237.3714429;8852237.3714429;0;0;-1.420055;-0.69796;10.681039;27.22397392;20.46974699;-31.24861068;0.0276;0.01672331;2022-03-29 22:48:12;2022-03-30 00:48:52
1042;SC;129;0.01046568;34866763.0500297;34866763.0500297;0;0;-0.6041;-4.703261;18.210417;33.06391975;14.67453257;-24.46161423;0.0275;0.0659908;2022-03-29 22:48:12;2022-03-30 00:48:52
7096;NA;130;0.06456599;858505.14093939;858505.14093939;0;0;0.391272;5366.25904;5318.823485;5405.47534874;5405.47534874;5404.53860115;0.0269;0.00166162;2022-03-29 22:48:12;2022-03-30 00:48:52
4747;VLX;131;0.22485599;10205834.4473685;10205834.4473685;0;0;0.574329;1.475522;11.249912;10.55873179;-0.1487981;-31.62367746;0.0267;0.01989916;2022-03-29 22:48:12;2022-03-30 00:48:52
8075;RLY;132;0.19419371;5096394.10099213;5096394.10099213;0;0;-0.483942;-0.769026;4.683137;-0.7286392;-2.0439567;-40.0545907;0.0263;0.01009094;2022-03-29 22:48:12;2022-03-30 00:48:52
2566;ONT;133;0.56254801;105367820.153077;105367820.153077;0;0;-1.141879;-3.664514;14.234235;19.1214283;31.89197712;-6.93492767;0.0257;0.21400135;2022-03-29 22:48:12;2022-03-30 00:48:52
1455;GLM;134;0.48819817;36848190.2875126;36848190.2875126;0;0;-1.459311;-2.223436;9.624781;20.49663672;59.30639344;23.45939867;0.0254;0.07547794;2022-03-29 22:48:12;2022-03-30 00:48:52
4269;GT;135;6.07714973;13720540.8968709;13720540.8968709;0;0;-0.260549;-1.213566;2.10299;6.62689001;2.73240287;5.60099703;0.0248;0.02883001;2022-03-29 22:48:12;2022-03-30 00:48:52
6758;SUSHI;136;3.7203011;372216388.65279;372216388.65279;0;0;0.338101;2.132435;18.35965;31.27631205;-0.6908541;-55.7360978;0.0247;0.78628244;2022-03-29 22:48:12;2022-03-30 00:48:52
9816;NFT;137;1.69e-06;83545692.0320487;83545692.0320487;0;0;-0.894639;2.012371;15.41807;11.70606145;-6.23807811;-31.88856894;0.0244;0.17817292;2022-03-29 22:48:12;2022-03-30 00:48:52
5617;UMA;138;7.07242381;66028749.5246987;66028749.5246987;0;0;-0.484313;-2.38109;1.086498;64.09838696;30.95753148;-17.1790266;0.0242;0.1424597;2022-03-29 22:48:12;2022-03-30 00:48:52
1772;STORJ;139;1.18947461;47151401.9421248;47151401.9421248;0;0;0.04182;-1.583449;14.500539;39.06423223;17.89213733;-25.27691542;0.0239;0.10267129;2022-03-29 22:48:12;2022-03-30 00:48:52
109;DGB;140;0.02954829;118765478.330916;118765478.330916;0;0;-0.252089;-6.92528;50.619516;65.03522681;49.2887107;-3.69260918;0.0234;0.26424578;2022-03-29 22:48:12;2022-03-30 00:48:52
2394;TEL;141;0.0074939;9712345.91711999;9712345.91711999;0;0;-2.578902;-9.794753;11.060572;59.33072838;5.34859494;-30.64855783;0.0232;0.02184684;2022-03-29 22:48:12;2022-03-30 00:48:52
2135;REV;142;0.00516365;4548282.40562108;4548282.40562108;0;0;-0.311733;0.804794;15.27274;17.56979983;11.41080809;-38.99755641;0.0229;0.01035517;2022-03-29 22:48:12;2022-03-30 00:48:52
2499;CHSB;143;0.41177745;1321343.561226;1321343.561226;0;0;-1.658987;-0.366543;4.315613;-6.04723095;-22.84696915;-26.12875014;0.0215;0.00320888;2022-03-29 22:48:12;2022-03-30 00:48:52
5370;HIVE;144;1.03336098;25879686.2903968;25879686.2903968;0;0;-2.462886;-1.179965;21.804559;27.5604394;25.20069929;-25.62096948;0.0215;0.0628555;2022-03-29 22:48:12;2022-03-30 00:48:52
2539;REN;145;0.40406884;84811324.9748667;84811324.9748667;0;0;-1.461286;1.380744;20.935504;40.10892322;36.90337651;-21.8891325;0.021;0.21009547;2022-03-29 22:48:12;2022-03-30 00:48:52
541;SYS;146;0.63103282;20177874.9822951;20177874.9822951;0;0;-0.330855;1.306861;15.846263;21.30071943;-15.11220715;-22.20997417;0.0209;0.05025927;2022-03-29 22:48:12;2022-03-30 00:48:52
2496;POLY;147;0.44321596;28206189.0568541;28206189.0568541;0;0;-1.576354;-2.650411;17.516746;32.44164955;28.6735771;1.27164437;0.0208;0.07082496;2022-03-29 22:48:12;2022-03-30 00:48:52
6187;SRM;148;2.96728263;482563929.212132;482563929.212132;0;0;-0.699533;-2.832143;30.156289;73.32505789;49.50893244;-5.54232398;0.0206;1.22064144;2022-03-29 22:48:12;2022-03-30 00:48:52
5488;JST;149;0.0529959;145444352.956859;145444352.956859;0;0;-0.559977;-4.596572;10.803399;31.53123;40.93997657;6.72487537;0.0202;0.37592951;2022-03-29 22:48:12;2022-03-30 00:48:52
8642;FEI;150;0.89659677;6041198.25492912;6041198.25492912;0;0;-0.051729;-0.622386;-1.75016;-0.12145065;-0.27544306;-0.38418846;0.0199;0.01585407;2022-03-29 22:48:12;2022-03-30 00:48:52
4566;XDB;151;0.43200503;6791243.85065627;6791243.85065627;0;0;-5.729913;-12.621225;-17.667454;64.76990785;73.67295246;5.44839016;0.0197;0.0179741;2022-03-29 22:48:12;2022-03-30 00:48:52
8719;ILV;152;579.9350647;23977272.4350202;23977272.4350202;0;0;-0.701245;-0.630447;8.487588;20.21357168;11.0020239;-37.6822631;0.0197;0.06353048;2022-03-29 22:48:12;2022-03-30 00:48:52
5566;KEEP;153;0.57753695;3261637.35623785;3261637.35623785;0;0;-0.67905;-3.208111;0.512278;-21.69616489;54.89631299;1.17117462;0.0197;0.00864561;2022-03-29 22:48:12;2022-03-30 00:48:52
3029;FLUX;154;1.62727922;50156195.6054997;50156195.6054997;0;0;-0.949959;4.433191;19.307868;36.73518769;13.45448944;-11.50232376;0.0195;0.13399467;2022-03-29 22:48:12;2022-03-30 00:48:52
5964;TWT;155;1.06878426;43202344.3170475;43202344.3170475;0;0;-1.174913;-6.053362;-2.298398;142.43465275;127.01389998;66.5073465;0.0193;0.11650616;2022-03-29 22:48:12;2022-03-30 00:48:52
14806;PEOPLE;156;0.07123065;129005768.639314;129005768.639314;0;0;0.326517;-5.827417;18.411769;28.28791266;49.23551947;-31.88280796;0.0188;0.35791501;2022-03-29 22:48:12;2022-03-30 00:48:52
7461;PLA;157;0.98215979;74111120.463427;74111120.463427;0;0;-1.49613;-4.236505;30.263699;22.79433306;18.43667158;-24.86097979;0.0186;0.20796906;2022-03-29 22:48:12;2022-03-30 00:48:52
11289;SPELL;158;0.00386046;53613324.1292837;53613324.1292837;0;0;-0.009408;-1.720962;-3.127727;5.41750852;-21.33331629;-80.54340761;0.0186;0.15051909;2022-03-29 22:48:12;2022-03-30 00:48:52
4948;CKB;159;0.0116547;11326200.5973631;11326200.5973631;0;0;-0.088436;-2.917988;11.525074;16.89664415;-16.2689275;-41.79782461;0.0184;0.03207538;2022-03-29 22:48:12;2022-03-30 00:48:52
13855;ENS;160;17.03955678;92266741.5186453;92266741.5186453;0;0;-0.677253;-2.943387;6.584546;41.83422112;6.76455761;-51.32221493;0.018;0.26746815;2022-03-29 22:48:12;2022-03-30 00:48:52
3814;CELR;161;0.05002759;48978239.3158311;48978239.3158311;0;0;-0.246592;-1.780567;25.510513;46.70107631;10.26515553;-25.25415686;0.0178;0.14314493;2022-03-29 22:48:12;2022-03-30 00:48:52
6953;FXS;162;20.83565527;21250661.7583518;21250661.7583518;0;0;-0.083559;6.08312;26.868444;11.10513582;2.30670315;-12.47192829;0.0176;0.06292138;2022-03-29 22:48:12;2022-03-30 00:48:52
3911;OCEAN;163;0.54851194;66335712.6178175;66335712.6178175;0;0;-0.973611;-2.155399;-0.175374;40.59344871;3.8236325;-29.73734278;0.0175;0.19725618;2022-03-29 22:48:12;2022-03-30 00:48:52
6950;PERP;164;4.49481041;26145287.6497647;26145287.6497647;0;0;0.467423;1.672016;17.679413;7.31716147;-15.76302476;-44.53948666;0.0174;0.07810369;2022-03-29 22:48:12;2022-03-30 00:48:52
11156;DYDX;165;5.08815096;153179569.497124;153179569.497124;0;0;-1.336408;-3.33582;8.631568;10.1210582;-4.48094632;-37.17671557;0.0174;0.45913494;2022-03-29 22:48:12;2022-03-30 00:48:52
4189;UOS;166;1.14006232;7210960.60727138;7210960.60727138;0;0;-0.58093;-3.258467;7.859445;6.80922082;21.21300352;-18.41060718;0.0168;0.02236962;2022-03-29 22:48:12;2022-03-30 00:48:52
3773;FET;167;0.41472255;41418269.8298732;41418269.8298732;0;0;0.051482;1.757256;20.356521;73.97171914;44.91737237;-9.94612918;0.0161;0.13385337;2022-03-29 22:48:12;2022-03-30 00:48:52
5899;CSPR;168;0.06938488;9886512.12844619;9886512.12844619;0;0;-1.164803;-6.2087;1.232893;12.90609917;-11.46902019;-32.26316493;0.0157;0.03274168;2022-03-29 22:48:12;2022-03-30 00:48:52
1214;LSK;169;2.31200511;20375968.9904715;20375968.9904715;0;0;-0.955671;-1.957613;15.507417;67.28340343;59.27760485;7.09140951;0.0155;0.06837149;2022-03-29 22:48:12;2022-03-30 00:48:52
1567;XNO;170;2.2318095;19584646.6238972;19584646.6238972;0;0;-0.234987;-3.374996;8.54555;40.76452844;6.34818406;-30.45445985;0.0155;0.06585624;2022-03-29 22:48:12;2022-03-30 00:48:52
2856;CEEK;171;0.39896892;10178439.132987;10178439.132987;0;0;-0.52427;-6.029648;2.62409;44.43739506;26.75640745;-35.66933003;0.0155;0.03428199;2022-03-29 22:48:12;2022-03-30 00:48:52
7281;XPRT;172;3.2024994;5534868.0841918;5534868.0841918;0;0;-0.785124;0.782906;-5.77899;13.4241087;9.91516477;-36.75655967;0.0153;0.0188541;2022-03-29 22:48:12;2022-03-30 00:48:52
10688;YGG;173;2.59735866;36219632.5450643;36219632.5450643;0;0;-0.40044;-4.075592;5.947081;-7.93807703;-2.71917599;-45.11190903;0.0152;0.12435203;2022-03-29 22:48:12;2022-03-30 00:48:52
1886;DENT;174;0.00293862;52535753.7698423;52535753.7698423;0;0;-0.820136;-2.437036;12.124183;41.34251112;28.31328394;-20.22842998;0.0152;0.18056844;2022-03-29 22:48:12;2022-03-30 00:48:52
4761;NU;175;0.41300062;24280975.3482758;24280975.3482758;0;0;-1.160168;-2.61594;5.079252;-15.42481901;-4.0198672;-39.59357603;0.0151;0.08362962;2022-03-29 22:48:12;2022-03-30 00:48:52
4206;WIN;176;0.0002972;176732544.367541;176732544.367541;0;0;-1.08308;-3.310496;9.208299;27.77924257;9.846408;-29.61778049;0.0149;0.61831438;2022-03-29 22:48:12;2022-03-30 00:48:52
8290;SUPER;177;0.69289092;59065972.5471588;59065972.5471588;0;0;-0.900811;-1.503591;13.312979;13.42416892;18.82086048;-33.8829229;0.0146;0.21078982;2022-03-29 22:48:12;2022-03-30 00:48:52
8526;RAY;178;2.9676962;51735763.9480047;51735763.9480047;0;0;-0.944772;0.601634;14.937247;35.1790219;-10.2061856;-50.86617369;0.0145;0.18544567;2022-03-29 22:48:12;2022-03-30 00:48:52
11584;BTRST;179;3.12000309;3389953.5612635;3389953.5612635;0;0;1.4188;-0.473123;2.067535;8.59946517;-6.76620293;-2.87998819;0.0145;0.01219462;2022-03-29 22:48:12;2022-03-30 00:48:52
9308;PYR;180;11.56024778;71925445.7892485;71925445.7892485;0;0;-1.069368;-2.283824;29.346736;25.33852586;21.41654726;-20.96306916;0.0144;0.26035104;2022-03-29 22:48:12;2022-03-30 00:48:52
3978;CHR;181;0.48276456;128195168.657897;128195168.657897;0;0;-0.760715;-0.076788;27.25113;41.66173804;3.19353316;-26.600247;0.0143;0.46802639;2022-03-29 22:48:12;2022-03-30 00:48:52
10903;C98;182;1.45908324;41190474.5971543;41190474.5971543;0;0;-0.679368;-3.400004;-0.004657;27.41389775;1.8813496;-36.08280807;0.0141;0.15259665;2022-03-29 22:48:12;2022-03-30 00:48:52
3992;COTI;183;0.25303937;79194835.9541829;79194835.9541829;0;0;-1.392153;3.615123;27.243178;40.43610576;-9.67954044;-27.13480487;0.0138;0.29859935;2022-03-29 22:48:12;2022-03-30 00:48:52
7226;INJ;184;5.33030758;21751051.6248012;21751051.6248012;0;0;-0.142278;-4.148747;6.233904;12.31142064;31.09581955;-31.39044463;0.0135;0.08387059;2022-03-29 22:48:12;2022-03-30 00:48:52
3628;MXC;185;0.09632048;22811099.5806892;22811099.5806892;0;0;2.66245;5.171818;4.105478;32.54136604;19.81011276;108.49737376;0.0133;0.08963405;2022-03-29 22:48:12;2022-03-30 00:48:52
2132;POWR;186;0.50701443;52123183.2765873;52123183.2765873;0;0;-1.82268;-4.324864;6.992404;8.26088325;2.14157398;33.22127046;0.0128;0.21175507;2022-03-29 22:48:12;2022-03-30 00:48:52
7334;CFX;187;0.15570684;90556800.0453713;90556800.0453713;0;0;-1.520344;-10.777596;34.208651;23.79704421;55.28835286;-15.86841234;0.0127;0.37203524;2022-03-29 22:48:12;2022-03-30 00:48:52
2765;XYO;188;0.01827514;6975186.95343223;6975186.95343223;0;0;-0.676022;-4.080761;4.124887;10.59915653;-1.22003369;-40.12825133;0.0122;0.0297144;2022-03-29 22:48:12;2022-03-30 00:48:52
2467;TRAC;189;0.64313904;2396301.93783969;2396301.93783969;0;0;1.475807;-4.058492;-11.999763;61.71901993;22.13320401;-44.41840053;0.0122;0.0102293;2022-03-29 22:48:12;2022-03-30 00:48:52
9025;TRIBE;190;0.51416027;11682449.0356884;11682449.0356884;0;0;-0.040247;-1.523503;-0.63366;-0.21869778;-16.74178112;-44.39030476;0.0122;0.05010803;2022-03-29 22:48:12;2022-03-30 00:48:52
9285;MOVR;191;63.09879992;41693516.6251034;41693516.6251034;0;0;-1.62618;-0.273809;5.833021;12.98538278;-9.84645684;-63.36760927;0.0121;0.17985674;2022-03-29 22:48:12;2022-03-30 00:48:52
2071;REQ;192;0.23141913;11620331.3149173;11620331.3149173;0;0;-0.993289;-4.442965;14.116722;25.12210516;16.74054733;-32.57067432;0.0121;0.05021958;2022-03-29 22:48:12;2022-03-30 00:48:52
1759;SNT;193;0.06564406;31170000.4516954;31170000.4516954;0;0;-0.931759;-5.896876;17.402853;40.94211596;49.46249454;3.29470388;0.0119;0.13682056;2022-03-29 22:48:12;2022-03-30 00:48:52
2303;MED;194;0.04231971;19110891.1377663;19110891.1377663;0;0;-1.835582;-4.602204;9.539032;17.52184002;14.62202549;-16.14740988;0.0119;0.08390004;2022-03-29 22:48:12;2022-03-30 00:48:52
5161;WRX;195;0.59306164;14197547.7928304;14197547.7928304;0;0;-1.018706;-5.725912;6.981208;17.08133903;-18.17508397;-43.61481673;0.0118;0.06269211;2022-03-29 22:48:12;2022-03-30 00:48:52
3217;ONG;196;0.74210507;30134898.1095842;30134898.1095842;0;0;-1.353239;-3.424497;9.459507;11.42809156;35.81822504;8.9790163;0.0118;0.13355025;2022-03-29 22:48:12;2022-03-30 00:48:52
9258;XCH;197;64.06582982;14390470.3365497;14390470.3365497;0;0;-0.653325;-6.879004;5.308937;-7.08023109;-11.10752136;-29.22906424;0.0117;0.0641554;2022-03-29 22:48:12;2022-03-30 00:48:52
3835;ORBS;198;0.07777792;19109042.322915;19109042.322915;0;0;-0.406551;-2.790357;12.026211;32.64050104;34.11408946;1.08459332;0.0117;0.08540394;2022-03-29 22:48:12;2022-03-30 00:48:52
3884;FX;199;0.53579383;3923313.6960381;3923313.6960381;0;0;-0.570682;-4.890992;9.380294;19.17266751;-3.26027815;-36.13180428;0.0114;0.01792428;2022-03-29 22:48:12;2022-03-30 00:48:52
3964;RSR;200;0.01471627;70390694.0333939;70390694.0333939;0;0;-0.840568;-0.935679;12.742133;29.31706299;-12.74567437;-46.00324806;0.0114;0.32316331;2022-03-29 22:48:12;2022-03-30 00:48:52
5015;HEX;201;0.13219023;16952010.5974266;16952010.5974266;0;0;-0.206262;-9.627902;25.462401;2.39400497;-19.37067624;-56.24839309;0;0.00073951;2022-03-29 22:48:12;2022-03-30 00:48:52
18579;WTRX;202;0.06199857;2387918.3388056;2387918.3388056;0;0;-0.969223;-2.942787;7.143811;13.73575021;13.73575021;13.73575021;0;0.00037874;2022-03-29 22:48:12;2022-03-30 00:48:52
8085;STETH;203;3036.12153729;443167.54232479;443167.54232479;0;0;-0.308083;-1.037174;11.082594;28.46423348;33.10073121;-9.34862037;0;7.247e-05;2022-03-29 22:48:12;2022-03-30 00:48:52
4023;BTCB;204;42592.45492611;24989140.0292745;24989140.0292745;0;0;-0.577999;-1.562763;9.183903;25.12892204;24.81876065;-0.40804957;0;0.00558153;2022-03-29 22:48:12;2022-03-30 00:48:52
6952;FRAX;205;0.89724887;37114305.7392719;37114305.7392719;0;0;-0.071061;-1.145816;-1.757829;-0.34695299;-0.41320278;-0.87327595;0;0.01537661;2022-03-29 22:48:12;2022-03-30 00:48:52
11498;CBG;206;67.25741219;25449503.5378518;25449503.5378518;0;0;4.784084;-1.726085;47.480265;44.54241147;2556.60889907;2560.35312954;0;0.01146635;2022-03-29 22:48:12;2022-03-30 00:48:52
11419;TON;207;1.78467934;4620517.79648434;4620517.79648434;0;0;0.548494;-0.776739;6.010591;-3.41017218;-10.9692225;-48.84442167;0;0.00211969;2022-03-29 22:48:12;2022-03-30 00:48:52
7192;WBNB;208;388.72765452;786106093.874674;786106093.874674;0;0;-1.05676;-1.402644;4.397089;19.12455868;12.30220024;-17.29786423;0;0.36701715;2022-03-29 22:48:12;2022-03-30 00:48:52
12220;OSMO;209;7.50537844;78823683.7152094;78823683.7152094;0;0;-0.903541;-2.568284;-5.754371;-9.78936897;8.97192727;46.53054583;0;0.03718095;2022-03-29 22:48:12;2022-03-30 00:48:52
3718;BTTOLD;210;0.0018239;25109.17993858;25109.17993858;0;0;-0.147951;-0.432322;8.35757;8.25318846;-11.01701549;-26.59262789;0;1.391e-05;2022-03-29 22:48:12;2022-03-30 00:48:52
6941;HBTC;211;42579.75278167;1177923.50817381;1177923.50817381;0;0;-0.570102;-1.517801;9.099388;24.99863672;28.12582795;-0.55942839;0;0.00069361;2022-03-29 22:48:12;2022-03-30 00:48:52
5804;DFI;212;4.13025461;20237915.7374419;20237915.7374419;0;0;-0.079585;-1.568297;15.335368;36.58837738;79.90681918;36.0166071;0;0.01630525;2022-03-29 22:48:12;2022-03-30 00:48:52
4512;LN;213;127.98930938;1051999.92476898;1051999.92476898;0;0;-0.63413;-1.375953;8.293706;23.70222162;24.42435738;-19.25315431;0;0.00137545;2022-03-29 22:48:12;2022-03-30 00:48:52
11221;BIT;214;1.1836385;34565899.2965831;34565899.2965831;0;0;-0.213453;-2.477908;12.798229;11.49314452;-12.11353985;-27.3289296;0;0.04981091;2022-03-29 22:48:12;2022-03-30 00:48:52
7321;YOUC;215;0.08647884;1513.44854594;1513.44854594;0;0;0.206436;-1.758166;-10.072085;-31.59748674;-20.88701195;-61.18088702;0;2.24e-06;2022-03-29 22:48:12;2022-03-30 00:48:52
5830;NXM;216;102.31133679;14083.62036042;14083.62036042;0;0;-0.428916;-0.8656;10.796961;28.4760079;33.06765778;-8.87412393;0;2.084e-05;2022-03-29 22:48:12;2022-03-30 00:48:52
9566;LUSD;217;0.90271873;852032.3691271;852032.3691271;0;0;-0.113855;-0.473694;-1.694857;-0.79454384;-0.91819715;0.39387954;0;0.00131191;2022-03-29 22:48:12;2022-03-30 00:48:52
11346;RACA;218;0.00198484;95414925.2693072;95414925.2693072;0;0;-0.434412;-3.656335;57.891257;36.01748175;13.01304945;-30.25178684;0;0.15961581;2022-03-29 22:48:12;2022-03-30 00:48:52
7548;WEMIX;219;4.30602367;58778422.6433211;58778422.6433211;0;0;-0.650801;-2.703102;5.207953;-11.35487838;-26.37521786;-55.80359121;0;0.11076743;2022-03-29 22:48:12;2022-03-30 00:48:52
5482;CCXX;220;29.5378129;503585.71203141;503585.71203141;0;0;-0.034833;-4.06568;-6.722432;-42.9889891;-40.7888972;-24.97196187;0;0.00095316;2022-03-29 22:48:12;2022-03-30 00:48:52
5514;TTT;221;4.58585822;364365.65230693;364365.65230693;0;0;-0.089208;-3.997504;-7.073565;-17.2683752;-25.6834781;-11.12522239;0;0.00075794;2022-03-29 22:48:12;2022-03-30 00:48:52
9640;METIS;222;131.13652322;18481067.8559025;18481067.8559025;0;0;-0.696152;-5.825016;-10.750953;32.82415459;8.83599476;-22.78745043;0;0.04813232;2022-03-29 22:48:12;2022-03-30 00:48:52
5185;KOK;223;3.53880129;9367385.96581619;9367385.96581619;0;0;-0.327628;-3.585441;-18.305966;-38.18685283;-28.92114737;-28.62219986;0;0.02466194;2022-03-29 22:48:12;2022-03-30 00:48:52
268;XWC;224;0.49712673;6167153.34880293;6167153.34880293;0;0;-0.384319;-2.559097;0.366055;0.58496982;-2.45929136;-32.85890884;0;0.01666968;2022-03-29 22:48:12;2022-03-30 00:48:52
10442;DESO;225;41.01420102;23126890.8301909;23126890.8301909;0;0;-0.682005;-34.695582;43.162229;35.47606921;-0.78827651;-54.84360757;0;0.06346704;2022-03-29 22:48:12;2022-03-30 00:48:52
3951;ARRR;226;1.90220636;1522236.40694359;1522236.40694359;0;0;-0.635464;-8.038278;5.527365;108.48849675;182.0800231;79.49676692;0;0.00418604;2022-03-29 22:48:12;2022-03-30 00:48:52
4779;HUSD;227;0.90224235;36711073.8888501;36711073.8888501;0;0;-0.054142;-0.510068;-1.332083;0.10449973;0.15247601;-0.02069573;0;0.10311713;2022-03-29 22:48:12;2022-03-30 00:48:52
8000;LDO;228;3.41909439;15936713.7928626;15936713.7928626;0;0;-1.113717;-1.83494;1.456956;131.9950476;126.26756428;38.43919916;0;0.04492148;2022-03-29 22:48:12;2022-03-30 00:48:52
4121;SAPP;229;0.62652341;1411883.60423501;1411883.60423501;0;0;-0.367771;-0.819788;13.541097;27.72326093;71.24967891;61.26059779;0;0.00419203;2022-03-29 22:48:12;2022-03-30 00:48:52
7878;MOB;230;4.51401454;880473.52367822;880473.52367822;0;0;-0.206048;-6.123003;-6.076031;8.03531809;10.70253361;-52.13879128;0;0.0026281;2022-03-29 22:48:12;2022-03-30 00:48:52
2943;RPL;231;31.81755281;362142.3405742;362142.3405742;0;0;-0.693245;0.378448;5.361436;62.46138688;28.37013814;-17.38621157;0;0.00110721;2022-03-29 22:48:12;2022-03-30 00:48:52
14519;VVS;232;2.486e-05;3111505.39207974;3111505.39207974;0;0;-0.536274;-2.372758;16.870598;-3.20059474;-8.61427856;-51.07843005;0;0.00988819;2022-03-29 22:48:12;2022-03-30 00:48:52
8757;SAFEMOON;233;5.1e-07;39599.96352166;39599.96352166;0;0;-1.056748;-1.397877;4.828101;-49.98354892;-29.35163067;-50.18763244;0;0.00013147;2022-03-29 22:48:12;2022-03-30 00:48:52
7726;ICHI;234;64.67415743;1704513.11116731;1704513.11116731;0;0;-0.788614;0.905646;81.881459;295.00839297;302.22270671;1266.19971965;0;0.00581861;2022-03-29 22:48:12;2022-03-30 00:48:52
3918;SAFE;235;13.43393042;303310.8298829;303310.8298829;0;0;0.5184;0.946587;15.299403;26.81226844;128.0368618;79.76050778;0;0.00108363;2022-03-29 22:48:12;2022-03-30 00:48:52
12885;ASTR;236;0.12580641;120387924.035432;120387924.035432;0;0;-0.728843;8.700365;30.501612;0.07795105;23.46997345;-49.7915308;0;0.46108216;2022-03-29 22:48:12;2022-03-30 00:48:52
7505;EVER;237;0.2094775;3770695.45110481;3770695.45110481;0;0;0.256409;0.668642;4.061503;13.39415899;-21.25689533;-35.75150054;0;0.01467333;2022-03-29 22:48:12;2022-03-30 00:48:52
4361;BEST;238;0.72193933;27873.67634744;27873.67634744;0;0;-0.240138;3.081806;3.238609;-1.49814733;-9.05725579;-25.70394379;0;0.00010934;2022-03-29 22:48:12;2022-03-30 00:48:52
12131;FRTS;239;0.01199104;3643854.92675793;3643854.92675793;0;0;-0.327961;-1.977921;4.432635;-97.69863525;-98.63910752;-98.82800488;0;0.01442464;2022-03-29 22:48:12;2022-03-30 00:48:52
10729;UFO;240;9.09e-06;9698675.02318228;9698675.02318228;0;0;-1.478884;-8.611573;27.01754;21.053438;6.49004729;-57.29991841;0;0.04140453;2022-03-29 22:48:12;2022-03-30 00:48:52
5326;ORC;241;0.38550342;2426679.19407193;2426679.19407193;0;0;-0.458755;-1.390871;10.14938;57.3843179;46.12596096;-26.75077714;0;0.01051341;2022-03-29 22:48:12;2022-03-30 00:48:52
10778;HERO;242;0.04425286;10742563.6302465;10742563.6302465;0;0;-0.470215;-5.774918;6.04557;-20.32964966;-19.95952704;-64.33002873;0;0.04763955;2022-03-29 22:48:12;2022-03-30 00:48:52
2982;MVL;243;0.00953852;20023306.7191732;20023306.7191732;0;0;-1.65223;0.595001;18.345045;24.30973755;26.88982086;-11.62584036;0;0.09239661;2022-03-29 22:48:12;2022-03-30 00:48:52
5625;LYXe;244;14.13120289;5802821.80227472;5802821.80227472;0;0;2.573065;-7.811892;6.941999;36.53941507;8.79932052;-9.86980692;0;0.02700521;2022-03-29 22:48:12;2022-03-30 00:48:52
1320;ARDR;245;0.21041153;13118008.2865537;13118008.2865537;0;0;-0.963989;-3.552982;14.038939;20.94421099;34.76889734;2.56297617;0.011;0.06240697;2022-03-29 22:48:12;2022-03-30 00:48:52
2868;DAG;246;0.16564824;1871152.56529504;1871152.56529504;0;0;-0.302826;0.075325;15.568634;32.98911111;15.8276494;2.85176803;0.0109;0.00891612;2022-03-29 22:48:12;2022-03-30 00:48:52
9040;PUNDIX;247;0.81141967;27015050.153088;27015050.153088;0;0;-1.720619;-4.404029;8.361509;19.44347657;21.07640254;-13.51113014;0.0109;0.12879937;2022-03-29 22:48:12;2022-03-30 00:48:52
3306;GUSD;248;0.90469013;6521970.90386016;6521970.90386016;0;0;-0.212626;-0.341375;-0.873554;0.64605588;0.63192597;0.7317843;0.0109;0.03119714;2022-03-29 22:48:12;2022-03-30 00:48:52
1816;CVC;249;0.31112262;84394350.7835159;84394350.7835159;0;0;-1.243798;-0.49931;11.143546;28.61186004;36.64114513;1.43979091;0.0109;0.40486198;2022-03-29 22:48:12;2022-03-30 00:48:52
5117;OGN;250;0.53122702;116078803.342907;116078803.342907;0;0;-0.213901;-5.341722;-16.360406;107.37837586;79.8621062;-8.69532746;0.0108;0.56234479;2022-03-29 22:48:12;2022-03-30 00:48:52
8766;ALICE;251;6.73958902;172499701.995027;172499701.995027;0;0;-0.569854;-3.608218;11.549151;10.29209361;9.74208894;-41.32801985;0.0108;0.83643753;2022-03-29 22:48:12;2022-03-30 00:48:52
4041;MX;252;2.05532142;12075893.9841192;12075893.9841192;0;0;-0.693167;-1.197763;11.022288;29.84318017;35.0812678;3.62593283;0.0107;0.05875428;2022-03-29 22:48:12;2022-03-30 00:48:52
5892;ANY;253;10.97685421;19263188.8161915;19263188.8161915;0;0;-1.504378;-5.416248;18.641517;-9.08211401;-40.67214981;-33.67182834;0;0.09414998;2022-03-29 22:48:12;2022-03-30 00:48:52
8335;MDX;254;0.23207533;8378411.68715174;8378411.68715174;0;0;-0.914636;-4.542807;1.465018;22.52301944;12.53291853;-30.8336032;0.0106;0.04137777;2022-03-29 22:48:12;2022-03-30 00:48:52
3600;HUM;255;0.26902958;15327255.4714176;15327255.4714176;0;0;-3.589688;-2.449666;13.723149;26.38049706;23.71110403;-5.06514457;0;0.07582067;2022-03-29 22:48:12;2022-03-30 00:48:52
4660;TLOS;256;0.74615758;4327819.18078274;4327819.18078274;0;0;-0.700688;0.427708;2.385802;-11.11602936;38.38233555;30.67047585;0;0.02147219;2022-03-29 22:48:12;2022-03-30 00:48:52
11396;JOE;257;0.99340828;21674764.9432867;21674764.9432867;0;0;-1.335069;-1.684845;7.647265;3.8536965;-9.90995425;-51.67189886;0.0102;0.1110696;2022-03-29 22:48:12;2022-03-30 00:48:52
5444;CTSI;258;0.37340054;21839820.8089294;21839820.8089294;0;0;-0.466971;-2.486553;11.272447;19.81423681;-8.85875695;-40.66554896;0.0102;0.11192126;2022-03-29 22:48:12;2022-03-30 00:48:52
14556;BOBA;259;1.21582484;4862327.85048443;4862327.85048443;0;0;-0.383437;-2.16982;1.634381;0.71717163;-18.46690202;-62.59840191;0.0101;0.0251584;2022-03-29 22:48:12;2022-03-30 00:48:52
14803;AURORA;260;8.34348607;4102606.61610089;4102606.61610089;0;0;-0.832377;0.014175;29.275587;13.73381608;-29.62106895;-54.03642888;0;0.02140814;2022-03-29 22:48:12;2022-03-30 00:48:52
1680;ANT;261;4.80670283;40368663.8970349;40368663.8970349;0;0;-1.067471;-3.077535;8.18717;8.52186882;0.7289292;-53.34360945;0.0099;0.21203009;2022-03-29 22:48:12;2022-03-30 00:48:52
2299;ELF;262;0.34734567;20104532.8441002;20104532.8441002;0;0;-2.231706;-3.370879;6.888618;17.14386768;17.35810895;3.35324559;0.0099;0.1063041;2022-03-29 22:48:12;2022-03-30 00:48:52
2758;UBT;263;1.25795441;2956852.14776434;2956852.14776434;0;0;-3.260914;-17.415779;-21.508221;100.55689314;56.83475238;6.95230441;0;0.01567016;2022-03-29 22:48:12;2022-03-30 00:48:52
9175;MBOX;264;2.3500055;90367660.2230281;90367660.2230281;0;0;-1.343109;-1.507328;9.52005;9.56574144;0.53604105;-51.35435127;0.0098;0.48156233;2022-03-29 22:48:12;2022-03-30 00:48:52
7737;API3;265;5.04875112;38168823.7021974;38168823.7021974;0;0;-0.586848;-2.945698;10.923932;-14.11649694;48.26748029;24.27372363;0.0097;0.20483612;2022-03-29 22:48:12;2022-03-30 00:48:52
8891;BTCST;266;16.18513404;7647568.59685091;7647568.59685091;0;0;-0.106871;-5.079769;10.471535;32.87038784;17.50497307;-21.59452488;0.0096;0.04139046;2022-03-29 22:48:12;2022-03-30 00:48:52
9417;MPL;267;41.68217113;6788402.14201299;6788402.14201299;0;0;0.720176;2.650211;16.528282;116.11205576;219.05910594;152.88394168;0;0.03686319;2022-03-29 22:48:12;2022-03-30 00:48:52
5176;XAUT;268;1728.95114853;2250273.37832263;2250273.37832263;0;0;-0.138249;-1.090648;-1.798229;0.81601909;7.05360095;6.28377611;0;0.01233099;2022-03-29 22:48:12;2022-03-30 00:48:52
6951;REEF;269;0.00995719;49238831.3238368;49238831.3238368;0;0;-0.778214;-3.613872;16.557916;22.64641719;10.41176652;-40.86348768;0.0095;0.27050644;2022-03-29 22:48:12;2022-03-30 00:48:52
16463;SOS;270;1.8e-06;32042630.0803965;32042630.0803965;0;0;-1.284222;-5.557927;12.983053;-1.47318979;-11.20644402;-46.54481474;0.0094;0.17812005;2022-03-29 22:48:12;2022-03-30 00:48:52
693;XVG;271;0.01081719;5629697.88940669;5629697.88940669;0;0;-0.819597;-2.33044;17.080821;29.65172889;21.38688296;-30.71463363;0.0093;0.0315398;2022-03-29 22:48:12;2022-03-30 00:48:52
12999;SSV;272;17.83517119;11222645.6116553;11222645.6116553;0;0;-1.26398;6.928406;17.943591;62.01214411;167.95556019;187.77328951;0;0.06292424;2022-03-29 22:48:12;2022-03-30 00:48:52
2297;STMX;273;0.01780844;18119018.9618436;18119018.9618436;0;0;-1.084036;-4.232783;29.109545;47.81209911;38.02745375;-9.3794954;0.0093;0.10174399;2022-03-29 22:48:12;2022-03-30 00:48:52
7486;RGT;274;14.53961409;3676696.45237388;3676696.45237388;0;0;4.202066;4.237865;3.443197;-4.62493938;-20.24352838;-40.32998079;0.0092;0.02078595;2022-03-29 22:48:12;2022-03-30 00:48:52
1732;NMR;275;29.51525123;25683204.2480007;25683204.2480007;0;0;-0.80768;3.921411;7.336666;12.54828344;18.4013657;2.19460858;0.0091;0.14777391;2022-03-29 22:48:12;2022-03-30 00:48:52
3441;DIVI;276;0.06194797;367676.36628316;367676.36628316;0;0;0.630534;6.366677;6.806159;19.12412056;14.78564212;-13.02198998;0.0091;0.00211603;2022-03-29 22:48:12;2022-03-30 00:48:52
5026;OXT;277;0.24811904;31950434.5487773;31950434.5487773;0;0;-0.294156;-2.224993;6.944359;15.61894147;12.33143722;-26.89072334;0.0089;0.18643758;2022-03-29 22:48:12;2022-03-30 00:48:52
16604;1ECO;278;6.46349255;1068376.15689558;1068376.15689558;0;0;-0.092317;1.207187;1.821986;141.0498113;173.43145795;200.99734763;0;0.00625143;2022-03-29 22:48:12;2022-03-30 00:48:52
6958;ACH;279;0.03978018;32600874.7800321;32600874.7800321;0;0;-1.431992;0.683686;7.347991;-4.21918551;13.74456048;-29.57550803;0.0088;0.19279135;2022-03-29 22:48:12;2022-03-30 00:48:52
9543;BICO;280;1.47078327;40003853.0286469;40003853.0286469;0;0;1.3903;-1.857978;-0.329119;35.39346335;-15.31016633;-67.66449833;0.0088;0.23689893;2022-03-29 22:48:12;2022-03-30 00:48:52
7817;BFC;281;0.15309247;2489814.69152841;2489814.69152841;0;0;-0.740496;-2.135301;7.421685;8.84076139;-9.43543244;-18.39666856;0;0.01474965;2022-03-29 22:48:12;2022-03-30 00:48:52
5268;EWT;282;5.60251682;1014059.38271945;1014059.38271945;0;0;-0.292685;-4.981569;1.024994;31.01323049;1.29528887;-37.46514722;0.0088;0.00602089;2022-03-29 22:48:12;2022-03-30 00:48:52
5113;SURE;283;0.00625941;1089502.89687169;1089502.89687169;0;0;-2.316947;-3.046994;10.062958;20.23470457;14.4781618;-28.87027138;0;0.00649712;2022-03-29 22:48:12;2022-03-30 00:48:52
2780;NKN;284;0.23904479;17505041.4034867;17505041.4034867;0;0;-1.894136;0.582249;20.775439;37.01079783;31.83571786;-27.579723;0.0087;0.10461304;2022-03-29 22:48:12;2022-03-30 00:48:52
3012;VTHO;285;0.00365811;9891298.07889791;9891298.07889791;0;0;-2.394502;-6.197931;17.819046;28.70168821;8.70585037;-36.80609754;0.0087;0.05925769;2022-03-29 22:48:12;2022-03-30 00:48:52
1637;RLC;286;2.04412725;11234733.8127281;11234733.8127281;0;0;-0.350736;-1.680958;13.196509;40.54520758;24.27872218;-27.1633017;0.0085;0.06852928;2022-03-29 22:48:12;2022-03-30 00:48:52
8420;DAO;287;2.34331154;10502080.8289798;10502080.8289798;0;0;-0.392941;-7.190975;17.587534;29.00122647;-3.24272328;-38.72306308;0.0085;0.06408061;2022-03-29 22:48:12;2022-03-30 00:48:52
10821;STARL;288;1.636e-05;9071663.4147775;9071663.4147775;0;0;0.332199;-6.788183;21.334509;11.79038574;-0.95924248;-51.15518871;0;0.05555062;2022-03-29 22:48:12;2022-03-30 00:48:52
4092;DUSK;289;0.4009888;52027395.0164081;52027395.0164081;0;0;-1.472973;12.047483;16.330941;37.82786898;-29.93404339;-55.2040893;0.0083;0.32514097;2022-03-29 22:48:12;2022-03-30 00:48:52
1104;REP;290;14.30658531;22862271.7555023;22862271.7555023;0;0;-1.11659;-1.321409;9.49129;15.5850522;23.87366055;-8.81316391;0.0082;0.14527494;2022-03-29 22:48:12;2022-03-30 00:48:52
2662;XHV;291;5.91240844;5344031.74265319;5344031.74265319;0;0;1.729522;25.471667;61.926181;224.71253641;259.58821551;54.44691986;0.0081;0.03435587;2022-03-29 22:48:12;2022-03-30 00:48:52
4038;MBL;292;0.0113445;72152584.642548;72152584.642548;0;0;-1.045109;-4.012648;-30.938326;108.90228167;124.70015412;50.07234114;0.008;0.4701579;2022-03-29 22:48:12;2022-03-30 00:48:52
5453;KAI;293;0.04570561;9424351.07011615;9424351.07011615;0;0;-0.584366;1.770741;42.078394;63.18142412;22.45028808;-35.28202255;0;0.06149989;2022-03-29 22:48:12;2022-03-30 00:48:52
291;MAID;294;0.33697215;31804.92456883;31804.92456883;0;0;-4.606845;8.837539;17.082359;15.68751467;6.01165078;-0.26481156;0;0.00020856;2022-03-29 22:48:12;2022-03-30 00:48:52
1343;STRAX;295;1.12365804;12507577.4102855;12507577.4102855;0;0;-1.215799;-3.199514;22.215127;28.67801;27.70800718;-10.93164176;0.0079;0.08225627;2022-03-29 22:48:12;2022-03-30 00:48:52
11171;MNGO;296;0.15091553;594979.48239721;594979.48239721;0;0;0.004219;0.522043;6.625464;9.73863545;13.78202452;-22.47782196;0;0.00394247;2022-03-29 22:48:12;2022-03-30 00:48:52
11307;BETA;297;0.41501842;53159877.6752916;53159877.6752916;0;0;-1.212998;-3.474147;4.962905;-15.87798659;15.33290751;-26.35916567;0;0.35580669;2022-03-29 22:48:12;2022-03-30 00:48:52
8536;MASK;298;5.03975373;97798224.5243547;97798224.5243547;0;0;-0.479933;-1.73891;23.137174;32.1323464;-5.51708738;-55.20235843;0.0077;0.66614749;2022-03-29 22:48:12;2022-03-30 00:48:52
4120;PROM;299;8.92418347;4204210.34617142;4204210.34617142;0;0;-0.040068;0.535915;11.398784;24.84896627;5.1939306;-19.26868702;0.0076;0.02863849;2022-03-29 22:48:12;2022-03-30 00:48:52
8489;XSGD;300;0.66318434;1419628.94836655;1419628.94836655;0;0;-1.745093;-0.136364;-1.751158;3.25921888;0.30781554;-0.74254804;0;0.0096745;2022-03-29 22:48:12;2022-03-30 00:48:52
3662;HEDG;301;0.41998503;64527.65626816;64527.65626816;0;0;-0.10336;1.207863;1.972874;7.48307045;-16.16815935;-40.12806865;0;0.00044058;2022-03-29 22:48:12;2022-03-30 00:48:52
1762;ERG;302;4.57439179;2033200.71156024;2033200.71156024;0;0;-0.895351;-4.672903;36.478925;90.76745393;44.15721474;0.41324057;0;0.01388444;2022-03-29 22:48:12;2022-03-30 00:48:52
14822;VR;303;0.20376764;6147539.63630444;6147539.63630444;0;0;-1.300505;-2.077297;40.732248;26.13106974;-36.33998315;-54.14772022;0;0.0420373;2022-03-29 22:48:12;2022-03-30 00:48:52
7232;ALPHA;304;0.32568708;44084320.6540008;44084320.6540008;0;0;-0.689644;-0.659722;24.173416;17.39205103;-4.23046252;-48.33475109;0.0076;0.30326858;2022-03-29 22:48:12;2022-03-30 00:48:52
1586;ARK;305;1.06051135;33729651.5523996;33729651.5523996;0;0;-1.242362;-5.559345;25.226944;35.79632585;38.12350436;-1.71064666;0.0075;0.23379796;2022-03-29 22:48:12;2022-03-30 00:48:52
8425;JASMY;306;0.030308;233683941.266994;233683941.266994;0;0;0.441688;-5.646306;-19.805555;105.77153207;-28.18958362;-54.44573556;0.0075;1.62153878;2022-03-29 22:48:12;2022-03-30 00:48:52
6651;USDX;307;0.87962852;244955.59507648;244955.59507648;0;0;-0.351879;-0.209109;-0.199799;1.08114677;1.58840702;0.4596443;0;0.00171178;2022-03-29 22:48:12;2022-03-30 00:48:52
1230;STEEM;308;0.36097766;33963345.2652365;33963345.2652365;0;0;-1.043727;-3.065601;14.427881;26.23086988;30.10347014;-4.96080402;0.0074;0.23822435;2022-03-29 22:48:12;2022-03-30 00:48:52
2444;C20;309;3.49356905;92366.51900019;92366.51900019;0;0;10.846685;4.441016;10.608759;28.8220131;23.02566017;-15.65081292;0;0.0006542;2022-03-29 22:48:12;2022-03-30 00:48:52
4679;BAND;310;4.00302712;30957168.8027404;30957168.8027404;0;0;-1.205785;-1.358096;13.361219;27.82813179;28.71533621;-14.81517833;0.0073;0.21975105;2022-03-29 22:48:12;2022-03-30 00:48:52
6715;SPA;311;0.19171847;26532376.8369556;26532376.8369556;0;0;0.847771;-5.080128;10.276675;24.34910792;114.14316891;135.12315211;0;0.18867275;2022-03-29 22:48:12;2022-03-30 00:48:52
15478;DG;312;0.29787262;1098489.02668639;1098489.02668639;0;0;-1.508135;-5.249692;-0.511911;0.14580796;-1.43411752;-8.4893869;0;0.00782065;2022-03-29 22:48:12;2022-03-30 00:48:52
6843;RAD;313;4.58991422;9338943.34030915;9338943.34030915;0;0;-1.40238;-5.663742;0.78812;16.21199817;-0.34387013;-54.48690261;0.0073;0.0671093;2022-03-29 22:48:12;2022-03-30 00:48:52
10529;SUN;314;0.01317507;26941263.436508;26941263.436508;0;0;-0.488729;-4.071182;8.748696;28.85145052;3.20324598;-34.09486645;0.0072;0.19447311;2022-03-29 22:48:12;2022-03-30 00:48:52
12140;RMRK;315;14.44750794;4518365.49222669;4518365.49222669;0;0;-1.820837;-3.063257;9.074883;13.54937852;-5.89279485;-53.54440407;0;0.03292038;2022-03-29 22:48:12;2022-03-30 00:48:52
11206;BLOK;316;0.01644435;8500551.89167803;8500551.89167803;0;0;-0.092466;-4.109043;12.709511;6.98057899;-40.83225678;-65.99086511;0.0071;0.06199145;2022-03-29 22:48:12;2022-03-30 00:48:52
4006;STPT;317;0.09342638;16059962.6955607;16059962.6955607;0;0;-1.201828;-3.112162;11.530314;19.9737826;36.62371679;-0.14170935;0.0071;0.11831999;2022-03-29 22:48:12;2022-03-30 00:48:52
5631;ORN;318;3.28362932;10510728.3758499;10510728.3758499;0;0;-0.621574;-2.494821;6.441853;18.78952992;-20.22969574;-32.11998358;0.0071;0.0776835;2022-03-29 22:48:12;2022-03-30 00:48:52
7431;AKT;319;1.18618425;1106766.50744805;1106766.50744805;0;0;-0.737687;-1.283918;10.255369;11.28407485;-11.86782217;-21.17840711;0;0.0081946;2022-03-29 22:48:12;2022-03-30 00:48:52
3673;ASD;320;0.20443531;2168503.38318227;2168503.38318227;0;0;-0.20888;-1.38268;3.509852;2.24762976;-6.97463752;-27.09417336;0.007;0.01605667;2022-03-29 22:48:12;2022-03-30 00:48:52
5072;RKN;321;0.54799703;14880.0327294;14880.0327294;0;0;-0.428916;-0.85166;10.926183;36.13221315;43.79782011;-0.24277946;0;0.00011181;2022-03-29 22:48:12;2022-03-30 00:48:52
2840;QKC;322;0.02074075;29931227.4730275;29931227.4730275;0;0;-0.111551;-3.125312;37.356527;47.432491;54.45746342;8.51728388;0.0069;0.22548951;2022-03-29 22:48:12;2022-03-30 00:48:52
2424;AGIX;323;0.13520613;9844916.91857775;9844916.91857775;0;0;-2.380894;-8.262885;51.264775;45.9771593;11.90326365;-23.8592019;0.0069;0.07453571;2022-03-29 22:48:12;2022-03-30 00:48:52
3418;METADIUM;324;0.07749282;11988445.927305;11988445.927305;0;0;-2.888197;-3.1597;6.942356;17.34506629;21.01836672;-16.3169325;0;0.0916835;2022-03-29 22:48:12;2022-03-30 00:48:52
5618;DAWN;325;1.803593;11585247.0407838;11585247.0407838;0;0;-1.537041;-2.872729;8.335468;12.07886445;9.61714467;-16.31341904;0;0.08860094;2022-03-29 22:48:12;2022-03-30 00:48:52
7064;BAKE;326;0.67387259;62766015.3614653;62766015.3614653;0;0;-0.335228;4.919263;21.986919;40.93806638;22.91423335;-30.7416985;0.0068;0.48128201;2022-03-29 22:48:12;2022-03-30 00:48:52
5552;HTR;327;0.56300938;3416738.2674649;3416738.2674649;0;0;-1.295527;-6.143542;2.935795;37.29177956;-3.88703056;-60.98128789;0;0.02653644;2022-03-29 22:48:12;2022-03-30 00:48:52
8938;EPS;328;0.18410125;23308341.0049054;23308341.0049054;0;0;-0.566956;-5.48725;10.749846;26.47810571;27.09442494;-26.27608208;0.0067;0.18140733;2022-03-29 22:48:12;2022-03-30 00:48:52
2585;CENNZ;329;0.10700786;1151824.92757824;1151824.92757824;0;0;0.775309;-0.463767;1.260322;31.88918399;4.64635746;-21.31271079;0;0.00896994;2022-03-29 22:48:12;2022-03-30 00:48:52
10750;QRDO;330;2.42496413;21510491.4218555;21510491.4218555;0;0;-0.761703;4.327675;-8.491472;20.75902094;13.43675414;-56.93049462;0;0.16825496;2022-03-29 22:48:12;2022-03-30 00:48:52
7189;OUSD;331;0.89525033;805937.05237756;805937.05237756;0;0;-0.092017;-0.726973;-1.609495;-0.14541202;-0.60249586;-0.501074;0;0.00630644;2022-03-29 22:48:12;2022-03-30 00:48:52
3437;ABBC;332;0.13029694;48644902.1836074;48644902.1836074;0;0;-0.33319;-4.197544;-15.509172;19.70175165;7.15575722;-3.2101091;0.0066;0.38171132;2022-03-29 22:48:12;2022-03-30 00:48:52
2827;SOUL;333;1.21896269;1698918.34442429;1698918.34442429;0;0;-0.01727;1.100392;19.247491;8.39741013;-19.6563567;-43.02107518;0.0066;0.01336152;2022-03-29 22:48:12;2022-03-30 00:48:52
5031;MWC;334;11.7267725;162415.1488323;162415.1488323;0;0;-0.619806;-1.334461;-18.871831;42.54603385;73.55252651;72.53445287;0;0.00127918;2022-03-29 22:48:12;2022-03-30 00:48:52
3701;RIF;335;0.15101921;777176.91111103;777176.91111103;0;0;-0.36739;-1.628123;6.807119;15.15688653;41.46066274;-16.6893644;0.0066;0.00612552;2022-03-29 22:48:12;2022-03-30 00:48:52
1710;VERI;336;58.51122029;13179.18790752;13179.18790752;0;0;-0.510448;-4.98595;-14.206419;30.35396103;-26.1528153;-61.57062634;0;0.00010478;2022-03-29 22:48:12;2022-03-30 00:48:52
7859;BADGER;337;10.02667573;13862745.2501162;13862745.2501162;0;0;-0.73065;-8.375444;36.527562;40.10075444;-0.29007202;-27.44658121;0.0066;0.11025941;2022-03-29 22:48:12;2022-03-30 00:48:52
8613;ALCX;338;102.91551071;9956600.4486365;9956600.4486365;0;0;-0.992503;-5.322211;8.551962;-6.02524452;-33.75384476;-53.46695203;0.0065;0.07926207;2022-03-29 22:48:12;2022-03-30 00:48:52
5612;SSX;339;0.04760642;22508585.1731949;22508585.1731949;0;0;-3.020712;-3.707746;15.719983;23.16695978;24.85540128;-13.45648014;0;0.17942185;2022-03-29 22:48:12;2022-03-30 00:48:52
3089;AVINOC;340;0.32097623;700993.98958859;700993.98958859;0;0;-0.476011;0.385765;3.311178;-17.04849663;62.66137525;62.66518079;0.0065;0.00561072;2022-03-29 22:48:12;2022-03-30 00:48:52
7857;MIR;341;1.60411072;93393861.1960124;93393861.1960124;0;0;-0.390135;3.483715;6.424117;36.13577254;53.68315128;-26.91647391;0.0065;0.74890112;2022-03-29 22:48:12;2022-03-30 00:48:52
11926;THG;342;1.09046065;5356040.67908698;5356040.67908698;0;0;-0.718408;-10.600346;12.627148;3.35404469;-39.42021359;-76.30661651;0;0.04324273;2022-03-29 22:48:12;2022-03-30 00:48:52
2989;EURS;343;0.99471235;13220843.6795777;13220843.6795777;0;0;-0.182096;-0.401909;-1.294481;-1.46953421;-2.27184039;-2.78616952;0;0.10707772;2022-03-29 22:48:12;2022-03-30 00:48:52
9674;WILD;344;1.44836205;18376535.7652833;18376535.7652833;0;0;-1.876084;4.521046;21.03107;1.49708314;6.91015851;-52.09126749;0;0.14885972;2022-03-29 22:48:12;2022-03-30 00:48:52
2665;DERO;345;10.9455893;617527.7169646;617527.7169646;0;0;-1.434094;-2.82771;9.248417;-3.06430522;66.19423731;1.24816733;0;0.00500708;2022-03-29 22:48:12;2022-03-30 00:48:52
7725;TRU;346;0.22461431;20072645.5083857;20072645.5083857;0;0;3.500966;10.681054;21.117826;46.62018945;29.33220356;-25.16981464;0.0064;0.16279067;2022-03-29 22:48:12;2022-03-30 00:48:52
9720;LAT;347;0.05081244;4605713.96859247;4605713.96859247;0;0;-0.265573;-1.100295;12.719354;5.61913459;-11.96876927;-51.90961128;0;0.03751117;2022-03-29 22:48:12;2022-03-30 00:48:52
7208;POLS;348;1.38105746;17203135.7919854;17203135.7919854;0;0;-0.828945;0.017848;5.434396;25.4747464;-3.20572594;-44.42427072;0.0063;0.1411958;2022-03-29 22:48:12;2022-03-30 00:48:52
9892;YOOSHI;349;3.2e-07;1140339.24832267;1140339.24832267;0;0;-0.564258;-2.241447;12.37907;10.42742834;-20.53981541;-60.97348987;0;0.00947604;2022-03-29 22:48:12;2022-03-30 00:48:52
5350;XPR;350;0.01184909;2601027.87004037;2601027.87004037;0;0;-1.201496;-9.395219;10.199558;37.69170724;25.11624319;-17.2361372;0.0062;0.02173529;2022-03-29 22:48:12;2022-03-30 00:48:52
7288;XVS;351;9.83009229;21096056.6882897;21096056.6882897;0;0;-0.794637;-2.334661;12.946271;28.98327292;29.46903411;-28.5613698;0.0062;0.17633333;2022-03-29 22:48:12;2022-03-30 00:48:52
8911;STRK;352;38.00667766;25299068.2227664;25299068.2227664;0;0;-1.90541;-3.020629;4.204061;3.86783186;48.7045263;12.45836043;0.0062;0.211864;2022-03-29 22:48:12;2022-03-30 00:48:52
3695;HYN;353;0.58532143;134.72008808;134.72008808;0;0;-0.240682;-16.435933;14.463445;58.41225;45.61407837;123.89461497;0;1.13e-06;2022-03-29 22:48:12;2022-03-30 00:48:52
5601;STAKE;354;14.0685111;641943.31245711;641943.31245711;0;0;-0.614565;2.782472;44.291539;50.27935446;80.34259164;0.307812;0.0062;0.00540174;2022-03-29 22:48:12;2022-03-30 00:48:52
3977;SNL;355;0.17505461;20.96820297;20.96820297;0;0;-0.428916;-4.888381;6.397401;28.62913769;28.92031473;-14.61765975;0;1.8e-07;2022-03-29 22:48:12;2022-03-30 00:48:52
7590;DVI;356;0.35636971;2866451.95385657;2866451.95385657;0;0;-1.620004;-4.708869;1.144369;-19.20597842;-39.90509154;-65.87556663;0.0062;0.02429347;2022-03-29 22:48:12;2022-03-30 00:48:52
10746;BSW;357;0.57671884;57339011.4862115;57339011.4862115;0;0;-0.514446;-3.522398;-24.003059;67.11330118;10.08554987;-36.91384336;0;0.48769486;2022-03-29 22:48:12;2022-03-30 00:48:52
3748;HXRO;358;0.27701571;200473.33160172;200473.33160172;0;0;-0.329972;-2.222543;1.732844;-12.08630174;-9.39050369;-28.17735419;0;0.00171406;2022-03-29 22:48:12;2022-03-30 00:48:52
2570;TOMO;359;1.29545108;12073106.3989891;12073106.3989891;0;0;-1.115707;3.542691;14.137441;33.5585109;18.53840598;-24.44817931;0.0061;0.10336383;2022-03-29 22:48:12;2022-03-30 00:48:52
1788;MTL;360;1.73244392;28472760.563922;28472760.563922;0;0;-1.119191;-4.403866;15.71686;32.80907801;34.37802757;-6.78727278;0.006;0.24681334;2022-03-29 22:48:12;2022-03-30 00:48:52
7046;GHST;361;1.82783161;19793299.8390215;19793299.8390215;0;0;-0.26494;-1.319351;-0.893013;4.21700464;1.7161576;-12.42820846;0.006;0.17255445;2022-03-29 22:48:12;2022-03-30 00:48:52
1552;MLN;362;54.75453632;6078357.05648062;6078357.05648062;0;0;-0.207989;-1.377686;3.082458;18.10085286;8.88620157;-35.1060513;0.006;0.05303177;2022-03-29 22:48:12;2022-03-30 00:48:52
1757;FUN;363;0.01032965;6396740.57252664;6396740.57252664;0;0;-0.409321;-2.324853;3.870886;23.33341754;18.46751228;-4.27198026;0.0059;0.05635208;2022-03-29 22:48:12;2022-03-30 00:48:52
8972;SFUND;364;4.61283237;7240244.9535091;7240244.9535091;0;0;-1.54001;-3.44416;5.186462;-9.5897081;-17.77007079;-38.43171199;0;0.06396879;2022-03-29 22:48:12;2022-03-30 00:48:52
9104;AIOZ;365;0.21747317;2550991.32819167;2550991.32819167;0;0;2.035297;-2.339244;4.569592;85.93133481;20.5234323;-53.44596618;0;0.02264081;2022-03-29 22:48:12;2022-03-30 00:48:52
5429;DEP;366;0.02637586;6689315.14496764;6689315.14496764;0;0;0.651657;-2.207509;4.891138;-4.57685579;-38.95196532;-28.80636072;0;0.06012377;2022-03-29 22:48:12;2022-03-30 00:48:52
10897;ALT;367;1.85205839;586474.28817691;586474.28817691;0;0;0.352064;-5.042564;-5.487712;-34.53230285;-85.83521506;-70.23467886;0;0.00527768;2022-03-29 22:48:12;2022-03-30 00:48:52
2320;UTK;368;0.24084921;4343791.26815981;4343791.26815981;0;0;-0.767134;-4.385353;7.315008;37.76280029;12.5083343;-17.19709217;0.0058;0.03920721;2022-03-29 22:48:12;2022-03-30 00:48:52
1750;GXC;369;1.4658069;7086251.4160799;7086251.4160799;0;0;-0.118155;-5.094541;-1.006213;17.9436338;8.40307069;-31.61993854;0.0057;0.06445825;2022-03-29 22:48:12;2022-03-30 00:48:52
3816;VRA;370;0.02452987;93053714.4674551;93053714.4674551;0;0;0.659297;-1.465315;26.326045;38.14696494;34.23625108;-25.58598515;0.0057;0.84861935;2022-03-29 22:48:12;2022-03-30 00:48:52
12064;CRTS;371;0.00312682;7968116.25680059;7968116.25680059;0;0;-2.223365;11.094696;1.461271;-5.83968657;-44.63284341;-28.16009522;0;0.07280348;2022-03-29 22:48:12;2022-03-30 00:48:52
1883;ADS;372;4.52130532;4462689.69651629;4462689.69651629;0;0;-1.16286;-8.519569;9.285843;81.01090215;145.54240707;115.26240483;0.0057;0.04108769;2022-03-29 22:48:12;2022-03-30 00:48:52
11568;AGLD;373;1.54132559;13524773.0152489;13524773.0152489;0;0;-0.297025;-3.53486;0.344328;49.0071856;102.09764073;0.49865384;0.0056;0.12505012;2022-03-29 22:48:12;2022-03-30 00:48:52
7543;HOO;374;1.31173083;7746024.3499575;7746024.3499575;0;0;-0.11124;-1.17837;2.088986;27.40811938;27.43224098;26.14156195;0;0.07163852;2022-03-29 22:48:12;2022-03-30 00:48:52
10759;DVF;375;4.45099491;1605462.39309177;1605462.39309177;0;0;0.086327;-2.138603;-0.768622;-13.23148503;-14.6530702;-31.48645686;0;0.01493748;2022-03-29 22:48:12;2022-03-30 00:48:52
5380;HUNT;376;0.96878922;40826959.0242743;40826959.0242743;0;0;-3.816306;3.302176;29.760904;40.77145365;80.90934688;38.11916094;0;0.38187065;2022-03-29 22:48:12;2022-03-30 00:48:52
7320;NSBT;377;42.29027525;937401.01832898;937401.01832898;0;0;11.149159;25.608646;35.850404;186.57425584;258.32389632;167.50483878;0;0.00877545;2022-03-29 22:48:12;2022-03-30 00:48:52
1974;PRO;378;1.44139074;1229501.49642787;1229501.49642787;0;0;-2.520189;-4.45323;1.799575;-8.30625054;-32.38100564;15.33099583;0.0055;0.01155017;2022-03-29 22:48:12;2022-03-30 00:48:52
3866;CON;379;0.03642643;33265365.6471596;33265365.6471596;0;0;-3.95254;14.592752;-44.995675;223.90354347;211.9367065;134.56286638;0;0.31518556;2022-03-29 22:48:12;2022-03-30 00:48:52
2927;SUSD;380;0.90030415;2287861.67281375;2287861.67281375;0;0;-0.043409;-0.222734;-1.563617;0.1247196;-0.95463782;0.14391334;0.0055;0.02172299;2022-03-29 22:48:12;2022-03-30 00:48:52
13523;MC;381;2.46152093;10966778.0612139;10966778.0612139;0;0;-1.283878;1.404537;17.500326;28.04602514;11.69640382;-44.73349308;0;0.10460381;2022-03-29 22:48:12;2022-03-30 00:48:52
7692;EXRD;382;0.14167206;3246078.86582669;3246078.86582669;0;0;-0.515661;-1.631626;5.797713;14.46257126;-5.57329006;-43.75021046;0;0.03118066;2022-03-29 22:48:12;2022-03-30 00:48:52
7055;DPI;383;185.86247293;2580358.83805224;2580358.83805224;0;0;-0.782208;3.460792;15.982543;34.96444194;13.30095883;-27.72889014;0;0.02483645;2022-03-29 22:48:12;2022-03-30 00:48:52
9119;TLM;384;0.11124607;153344943.37581;153344943.37581;0;0;-0.91421;-2.831299;12.69759;21.94434161;14.56383086;-42.58765777;0.0053;1.50807929;2022-03-29 22:48:12;2022-03-30 00:48:52
2930;IQ;385;0.01007222;16780478.7425466;16780478.7425466;0;0;-0.588973;-4.157943;18.038964;32.21779021;26.08799137;-6.91626498;0.0053;0.16624505;2022-03-29 22:48:12;2022-03-30 00:48:52
5908;DKA;386;0.09909382;8916529.17145063;8916529.17145063;0;0;-1.618396;-3.125918;10.911719;26.77064445;25.72514886;-3.90122456;0.0053;0.0884149;2022-03-29 22:48:12;2022-03-30 00:48:52
3626;RBTC;387;42552.02881557;53032.46785497;53032.46785497;0;0;-0.353835;-1.198129;9.826015;25.07688979;25.09523848;-0.10713695;0;0.00052771;2022-03-29 22:48:12;2022-03-30 00:48:52
5049;VRSC;388;1.46643458;164816.18890982;164816.18890982;0;0;-0.364358;6.591549;50.959951;148.14169073;192.54095968;125.23490378;0;0.00166377;2022-03-29 22:48:12;2022-03-30 00:48:52
10052;GTC;389;6.878452;23837400.9404931;23837400.9404931;0;0;-0.013956;-1.785009;7.201826;28.79988785;6.32962369;-45.00399705;0.0051;0.24408149;2022-03-29 22:48:12;2022-03-30 00:48:52
5824;SLP;390;0.01790413;351940195.094792;351940195.094792;0;0;-0.829587;-8.880799;10.842123;3.65084354;91.52487715;-29.06466008;0.005;3.65684918;2022-03-29 22:48:12;2022-03-30 00:48:52
2222;BCD;391;0.51518944;2314457.9403851;2314457.9403851;0;0;-1.082191;-11.605721;6.19349;-24.3364452;-36.25949258;-58.74214828;0.005;0.02408907;2022-03-29 22:48:12;2022-03-30 00:48:52
11374;DAR;392;0.77641925;57326895.7957416;57326895.7957416;0;0;-1.41462;-4.643216;-5.717265;18.23406996;18.19950902;-59.23238095;0.005;0.59930986;2022-03-29 22:48:12;2022-03-30 00:48:52
9891;BNX;393;47.1807945;20067804.5244234;20067804.5244234;0;0;-0.082544;-6.11342;5.824031;129.89434529;146.76739926;-20.94035953;0;0.21026197;2022-03-29 22:48:12;2022-03-30 00:48:52
4039;ARPA;394;0.0762359;40568226.9442339;40568226.9442339;0;0;0.058901;1.209727;14.119308;20.40858893;31.65292235;-16.10176081;0.0049;0.42814828;2022-03-29 22:48:12;2022-03-30 00:48:52
2137;ETN;395;0.0052858;247265.7714621;247265.7714621;0;0;-0.093143;-3.147498;-5.824116;-6.81599293;-18.71369712;-35.95540714;0;0.00261099;2022-03-29 22:48:12;2022-03-30 00:48:52
8384;CLV;396;0.36180752;37815277.6031794;37815277.6031794;0;0;-0.540777;-3.120935;13.310111;25.23352151;21.14182629;-44.77672307;0.0049;0.40048858;2022-03-29 22:48:12;2022-03-30 00:48:52
7311;BIFI;397;1308.58547645;1733254.2520576;1733254.2520576;0;0;-0.770908;-2.423919;-0.157905;-33.81364573;-31.13148359;23.43277145;0;0.01839618;2022-03-29 22:48:12;2022-03-30 00:48:52
8894;DPR;398;0.0750498;1623298.12512305;1623298.12512305;0;0;-0.946412;0.05236;-7.535724;-10.81849744;-18.35596388;-13.72451194;0.0049;0.01732318;2022-03-29 22:48:12;2022-03-30 00:48:52
3928;IDEX;399;0.143586;22514986.0571594;22514986.0571594;0;0;-0.6116;-5.198436;2.808203;0.32264641;31.76286715;-39.73298781;0.0049;0.24134589;2022-03-29 22:48:12;2022-03-30 00:48:52
6748;CFG;400;0.46369317;514899.64459499;514899.64459499;0;0;0.648166;-0.27455;2.516626;10.62921856;-20.38987726;-44.0112588;0;0.00555337;2022-03-29 22:48:12;2022-03-30 00:48:52
7958;vUSDC;401;0.01929352;0;0;0;0;-0.170919;-0.693389;-1.477555;0.26971612;0.49802669;0.7843792;0;0;2022-03-29 22:48:12;2022-03-30 00:48:52
2606;WAN;402;0.4742797;4463486.22430567;4463486.22430567;0;0;-0.985326;-3.917765;3.881441;52.40372012;24.78072402;-23.46826369;0.0048;0.04883753;2022-03-29 22:48:12;2022-03-30 00:48:52
7535;KP3R;403;449.57891773;38202394.5502281;38202394.5502281;0;0;-1.669716;-8.898239;23.140705;-20.57089422;-50.19486244;-31.86656918;0.0047;0.42486649;2022-03-29 22:48:12;2022-03-30 00:48:52
5728;BAL;404;12.9409178;55162966.1426718;55162966.1426718;0;0;-1.255196;-0.22126;16.857645;22.55489783;21.01304999;-11.86377568;0.0047;0.61387987;2022-03-29 22:48:12;2022-03-30 00:48:52
4807;CTK;405;1.23193165;10704663.5656255;10704663.5656255;0;0;-0.700745;-4.096586;6.167723;22.20977482;-3.32181955;-16.21911371;0.0047;0.11936302;2022-03-29 22:48:12;2022-03-30 00:48:52
3637;AERGO;406;0.23875065;19200590.9273513;19200590.9273513;0;0;-1.309395;-2.309562;10.79003;23.42151775;47.39725475;5.94614753;0.0045;0.22005314;2022-03-29 22:48:12;2022-03-30 00:48:52
4467;EGG;407;0.03523804;13602745.0664966;13602745.0664966;0;0;-0.564677;-12.010934;23.281986;514.29666535;552.81472474;250.6388501;0;0.15705585;2022-03-29 22:48:12;2022-03-30 00:48:52
4950;LCX;408;0.11371134;1839765.21093106;1839765.21093106;0;0;-0.505841;-3.900522;38.775742;60.20413555;40.43086886;-29.96286788;0;0.02142119;2022-03-29 22:48:12;2022-03-30 00:48:52
2588;LOOM;409;0.08571295;11440874.5031139;11440874.5031139;0;0;-1.934423;-4.198791;12.66647;25.85775567;53.45218245;5.86159418;0.0045;0.13347895;2022-03-29 22:48:12;2022-03-30 00:48:52
8037;TVK;410;0.120412;10277154.5273015;10277154.5273015;0;0;-0.880895;-3.696527;5.035875;31.96583302;0.38837799;-35.38108917;0.0044;0.12064261;2022-03-29 22:48:12;2022-03-30 00:48:52
2896;MFT;411;0.00845334;43001502.3326673;43001502.3326673;0;0;-0.704943;1.095817;10.746023;51.81017144;56.51749869;8.70013147;0.0044;0.50869262;2022-03-29 22:48:12;2022-03-30 00:48:52
6724;KLV;412;0.02484724;2442928.08902082;2442928.08902082;0;0;-0.09902;-5.663769;31.515815;40.3362465;16.0296454;-23.05135478;0.0044;0.02893731;2022-03-29 22:48:12;2022-03-30 00:48:52
7411;CQT;413;0.32992318;3642294.6623217;3642294.6623217;0;0;-0.379568;-1.056213;4.196602;11.15843354;-5.37942042;-35.92630387;0.0044;0.04332011;2022-03-29 22:48:12;2022-03-30 00:48:52
6830;KILT;414;1.68462022;975308.93293724;975308.93293724;0;0;0.706504;-2.956754;50.01101;106.01175969;15.36127064;-55.06112173;0;0.01171484;2022-03-29 22:48:12;2022-03-30 00:48:52
8119;SFP;415;0.7676477;17892364.6236235;17892364.6236235;0;0;-1.300026;-3.569594;1.582446;37.15593011;7.81113686;-46.2486121;0.0043;0.21548267;2022-03-29 22:48:12;2022-03-30 00:48:52
17145;LOKA;416;3.30262373;402445730.013974;402445730.013974;0;0;6.092376;46.702258;49.502837;108.59930442;82.68817964;59.17190695;0;4.85483535;2022-03-29 22:48:12;2022-03-30 00:48:52
8200;FOX;417;0.30206121;5586226.21674326;5586226.21674326;0;0;-1.160076;2.779865;18.12242;15.32205923;5.55834555;-38.51392608;0.0043;0.06751915;2022-03-29 22:48:12;2022-03-30 00:48:52
8100;aEth;418;2819.87580281;7354.28130302;7354.28130302;0;0;-0.517284;-0.857634;20.211346;33.75079763;35.05648829;-10.13128529;0;8.892e-05;2022-03-29 22:48:12;2022-03-30 00:48:52
11222;WNCG;419;0.68742877;7872385.89079975;7872385.89079975;0;0;-0.242759;-10.045977;5.155042;-4.58767115;-28.64125087;-55.48016526;0;0.0955966;2022-03-29 22:48:12;2022-03-30 00:48:52
11367;AURY;420;8.52652473;2792962.32961218;2792962.32961218;0;0;-0.453897;5.301795;14.715041;14.19003605;2.8102436;-28.21256194;0.0043;0.034121;2022-03-29 22:48:12;2022-03-30 00:48:52
13655;CRA;421;0.90861608;2854321.89168454;2854321.89168454;0;0;-1.601183;-9.921233;-12.581193;5.94456264;6.7780624;49.76957057;0;0.03496872;2022-03-29 22:48:12;2022-03-30 00:48:52
2776;AVA;422;1.60553871;6252697.96871769;6252697.96871769;0;0;-0.203936;5.108546;18.455808;56.02815656;59.17041686;-7.33543933;0.0042;0.07680418;2022-03-29 22:48:12;2022-03-30 00:48:52
5810;BZRX;423;0.19214463;950046.59907792;950046.59907792;0;0;-0.189376;-1.978629;-13.650161;-10.5799822;-10.85736175;-13.43402214;0;0.011774;2022-03-29 22:48:12;2022-03-30 00:48:52
15678;VOXEL;424;1.39834074;73841264.9284345;73841264.9284345;0;0;-0.131078;7.303213;15.216834;1.02563118;1.23720648;-50.77106494;0.0042;0.91918352;2022-03-29 22:48:12;2022-03-30 00:48:52
3351;ZB;425;0.17210285;1012306.43926062;1012306.43926062;0;0;-0.759588;-1.607032;6.707716;28.79488849;8.99186628;-28.83782078;0;0.01269615;2022-03-29 22:48:12;2022-03-30 00:48:52
12387;RBN;426;1.4645517;2868145.87917448;2868145.87917448;0;0;6.012879;7.217767;3.873362;40.40349216;-8.88923134;-18.27354193;0;0.03600922;2022-03-29 22:48:12;2022-03-30 00:48:52
8541;erowan;427;0.09150158;8073423.63534177;8073423.63534177;0;0;-0.619244;-1.490821;8.663848;8.39320904;33.31620563;-20.83125914;0;0.10159837;2022-03-29 22:48:12;2022-03-30 00:48:52
6756;ACALA;428;1.14159303;30730942.5072558;30730942.5072558;0;0;-0.525432;1.243657;1.980115;12.88017529;-22.65510039;-59.150276;0.0041;0.3884215;2022-03-29 22:48:12;2022-03-30 00:48:52
5957;YFII;429;2036.39873322;17692950.8538928;17692950.8538928;0;0;-1.421479;-3.867127;3.854139;19.36412498;-2.05605868;-16.80993725;0.0041;0.22511019;2022-03-29 22:48:12;2022-03-30 00:48:52
7978;FIDA;430;1.74500731;9363695.57039376;9363695.57039376;0;0;-0.386093;-3.900927;6.221346;14.5871959;14.2808999;-49.02284391;0.0041;0.11996415;2022-03-29 22:48:12;2022-03-30 00:48:52
7678;ROOK;431;125.55596833;390609.5112536;390609.5112536;0;0;-0.268461;-2.911053;14.827871;69.36301075;33.05808295;-12.55140172;0;0.00503701;2022-03-29 22:48:12;2022-03-30 00:48:52
4056;AMPL;432;1.06132124;3009420.45482735;3009420.45482735;0;0;-0.345459;-2.050539;7.935217;23.44571938;30.57094012;32.95839796;0.004;0.03889086;2022-03-29 22:48:12;2022-03-30 00:48:52
4441;VXV;433;1.93706503;405266.90753207;405266.90753207;0;0;0.173157;-3.271373;25.535435;23.6955834;-14.613062;-59.41401842;0;0.00526066;2022-03-29 22:48:12;2022-03-30 00:48:52
18112;ALPINE;434;6.74825639;41648585.0219546;41648585.0219546;0;0;-1.443862;-4.78244;-17.057938;132.83944072;44.5865022;44.5865022;0;0.54328829;2022-03-29 22:48:12;2022-03-30 00:48:52
7102;LINA;435;0.02286811;20554471.7384482;20554471.7384482;0;0;-0.565412;-3.337273;14.938754;40.14902389;5.17631266;-45.69816019;0.004;0.26816079;2022-03-29 22:48:12;2022-03-30 00:48:52
3874;IRIS;436;0.06168019;4644549.58987031;4644549.58987031;0;0;-0.741635;-3.59069;7.252391;16.36744163;1.92250015;-19.84944054;0.004;0.06067059;2022-03-29 22:48:12;2022-03-30 00:48:52
3930;TT;437;0.00887138;21799515.2343888;21799515.2343888;0;0;-0.748191;-0.416711;15.594587;28.66683177;21.57834546;-3.12954527;0;0.28525322;2022-03-29 22:48:12;2022-03-30 00:48:52
11240;HI;438;0.15142431;2369964.9993437;2369964.9993437;0;0;-0.110833;3.08137;-8.754362;-23.25100696;-28.80037604;-81.41493768;0;0.03107241;2022-03-29 22:48:12;2022-03-30 00:48:52
3946;CRE;439;0.00864899;22976112.097871;22976112.097871;0;0;-1.838633;-1.271592;12.582646;35.06885242;42.3929353;-0.26892021;0.004;0.30239006;2022-03-29 22:48:12;2022-03-30 00:48:52
7654;RFOX;440;0.05790519;2134245.34931517;2134245.34931517;0;0;0.097668;-1.845458;25.795225;45.89601602;-0.37225648;-38.8626932;0.004;0.02809265;2022-03-29 22:48:12;2022-03-30 00:48:52
4191;NOIA;441;0.13735556;960623.37842681;960623.37842681;0;0;-0.280377;0.063334;16.817768;27.52941388;1.16299513;-46.40596284;0;0.01272453;2022-03-29 22:48:12;2022-03-30 00:48:52
9421;FORTH;442;6.79655774;5147605.6450903;5147605.6450903;0;0;-1.254008;-3.228885;3.550489;25.86477233;42.40864139;-20.29950446;0;0.06839492;2022-03-29 22:48:12;2022-03-30 00:48:52
9020;TKO;443;0.69315764;17847675.4089076;17847675.4089076;0;0;-1.21854;-0.704288;4.593692;17.99965951;4.27507982;-38.1405668;0.0039;0.23731211;2022-03-29 22:48:12;2022-03-30 00:48:52
5338;CUBE;444;5.98062327;275068.55694692;275068.55694692;0;0;-0.378307;2.683894;-0.061386;13.24295717;4.03271082;-33.58793242;0;0.00367946;2022-03-29 22:48:12;2022-03-30 00:48:52
463;BTS;445;0.02495261;7361601.20824444;7361601.20824444;0;0;-0.919435;-2.982184;18.347794;41.07032628;15.24568205;-19.8274005;0.0039;0.09851845;2022-03-29 22:48:12;2022-03-30 00:48:52
10188;ATA;446;0.42707458;24389603.8987389;24389603.8987389;0;0;-0.108005;1.47611;14.9833;34.70564198;19.28654124;-26.36895105;0.0038;0.33154063;2022-03-29 22:48:12;2022-03-30 00:48:52
8827;BOSON;447;1.00534327;2061509.10708035;2061509.10708035;0;0;-2.114365;-4.098321;-15.729339;52.66794859;18.89874929;-31.31926073;0;0.02809291;2022-03-29 22:48:12;2022-03-30 00:48:52
8615;ERN;448;5.45780297;22836086.5673716;22836086.5673716;0;0;-0.870958;-0.568856;9.145276;29.86112866;20.08226295;-34.72057781;0.0038;0.31175944;2022-03-29 22:48:12;2022-03-30 00:48:52
7585;FWT;449;0.01324075;780061.51855888;780061.51855888;0;0;-0.314959;-4.02088;-2.729663;81.98990901;22.46127578;54.64383479;0;0.01079903;2022-03-29 22:48:12;2022-03-30 00:48:52
788;COVAL;450;0.04037224;986913.33776876;986913.33776876;0;0;-0.463542;0.005078;6.706586;2.20754344;-26.84065983;-57.19204514;0;0.01368144;2022-03-29 22:48:12;2022-03-30 00:48:52
2273;UQC;451;7.20416101;5929452.71730975;5929452.71730975;0;0;-0.395496;2.220824;50.237798;2.28995516;-9.64171243;-44.63066201;0;0.08230594;2022-03-29 22:48:12;2022-03-30 00:48:52
2441;MOF;452;0.00143896;16247461.0312469;16247461.0312469;0;0;-0.10583;-0.732078;6.950435;73.66824507;-22.36817483;-65.30554068;0.0037;0.22582278;2022-03-29 22:48:12;2022-03-30 00:48:52
3742;BNANA;453;2.26543129;201417.30182442;201417.30182442;0;0;5.383814;2.205704;2.151202;13.56874276;18.33705572;-21.44684216;0;0.00280228;2022-03-29 22:48:12;2022-03-30 00:48:52
7236;CUSD;454;0.89491521;712737.32961405;712737.32961405;0;0;-0.156556;-0.720078;-1.687809;-0.44555386;-0.21366966;-0.67978489;0;0.00993802;2022-03-29 22:48:12;2022-03-30 00:48:52
7460;AQT;455;2.74601185;24832379.5985843;24832379.5985843;0;0;-1.845005;-1.093213;15.754764;16.46477577;18.77614595;-19.95586817;0;0.34742683;2022-03-29 22:48:12;2022-03-30 00:48:52
5877;RARI;456;9.99518462;30372031.4568631;30372031.4568631;0;0;1.56791;41.52348;56.041211;68.0475699;30.68488741;-15.3248053;0;0.42520415;2022-03-29 22:48:12;2022-03-30 00:48:52
5007;TROY;457;0.00801889;9650759.26670411;9650759.26670411;0;0;-0.772993;-2.979293;-1.825055;69.54238786;42.27618582;-16.86904749;0;0.13513914;2022-03-29 22:48:12;2022-03-30 00:48:52
10180;GMT;458;0.27670657;2145378.18293553;2145378.18293553;0;0;-0.544185;-5.426494;16.771998;67.18300311;23.56200445;-5.2868573;0;0.03022648;2022-03-29 22:48:12;2022-03-30 00:48:52
11232;HIGH;459;5.74167023;27218210.7312455;27218210.7312455;0;0;-0.637571;-2.41303;7.613708;66.7032684;44.24424059;-43.5339169;0.0037;0.38532568;2022-03-29 22:48:12;2022-03-30 00:48:52
8107;CBK;460;2.35478372;20408203.4209293;20408203.4209293;0;0;-1.361928;-1.377268;13.254797;3.66012605;18.4164322;-13.14627113;0;0.29160529;2022-03-29 22:48:12;2022-03-30 00:48:52
3714;LTO;461;0.23101462;10341833.7534501;10341833.7534501;0;0;0.028065;4.160389;17.23165;48.93508147;22.35960145;-33.73093217;0.0036;0.14831289;2022-03-29 22:48:12;2022-03-30 00:48:52
8245;HYDRA;462;8.02153823;325430.58301694;325430.58301694;0;0;-0.218688;0.321289;-5.99165;22.07316508;25.77888163;2.37088986;0;0.00471369;2022-03-29 22:48:12;2022-03-30 00:48:52
5221;HNS;463;0.14434796;576694.81601159;576694.81601159;0;0;-0.614099;-5.244017;-3.47893;-17.14457926;-22.75947638;-31.20681862;0.0036;0.00835841;2022-03-29 22:48:12;2022-03-30 00:48:52
5829;SWAP;464;0.70424693;886000.16359025;886000.16359025;0;0;-0.838148;18.982071;37.221028;29.92237355;-22.04663085;-28.67426801;0;0.01289611;2022-03-29 22:48:12;2022-03-30 00:48:52
7228;DDX;465;2.6212318;6059536.19000077;6059536.19000077;0;0;-0.137874;1.380419;32.109351;32.52917103;19.22209346;-36.68124188;0;0.0885895;2022-03-29 22:48:12;2022-03-30 00:48:52
8985;EFI;466;0.40215516;5864712.46400439;5864712.46400439;0;0;-0.813142;-1.868957;-0.060158;32.90858492;-7.40784531;-58.01714576;0.0036;0.08585556;2022-03-29 22:48:12;2022-03-30 00:48:52
6841;PHA;467;0.25019818;12764696.2598686;12764696.2598686;0;0;-0.999913;0.900061;8.260705;26.87571781;11.50721636;-32.99481479;0.0035;0.18756743;2022-03-29 22:48:12;2022-03-30 00:48:52
9721;SAMO;468;0.02053551;3310039.54344399;3310039.54344399;0;0;-0.118191;0.918682;31.254601;19.70990259;-19.45003425;-41.33546184;0;0.0487812;2022-03-29 22:48:12;2022-03-30 00:48:52
5354;PEAK;469;0.05006257;229241.08730317;229241.08730317;0;0;-0.257473;-4.39476;3.543375;-29.27683071;-35.2211784;-50.49431824;0;0.0033898;2022-03-29 22:48:12;2022-03-30 00:48:52
5266;MLK;470;0.85973631;18487135.6260296;18487135.6260296;0;0;-1.830683;-3.56418;11.910158;14.53665384;13.19262666;-26.50792772;0;0.27511565;2022-03-29 22:48:12;2022-03-30 00:48:52
1521;KMD;471;0.51064172;1396061.70451823;1396061.70451823;0;0;-0.03456;-2.398676;10.133212;14.94115575;13.00010683;-22.68416215;0.0035;0.02087561;2022-03-29 22:48:12;2022-03-30 00:48:52
10744;DERC;472;1.42377763;2226753.20119447;2226753.20119447;0;0;-1.838886;-5.235057;20.438099;-2.78026089;-8.63125008;-57.75172869;0;0.03343971;2022-03-29 22:48:12;2022-03-30 00:48:52
7150;FLM;473;0.21230641;11517218.2520504;11517218.2520504;0;0;-1.043718;-1.309127;9.081818;20.88556277;0.22271269;-34.85661536;0.0035;0.17371394;2022-03-29 22:48:12;2022-03-30 00:48:52
15585;GF;474;1.56408894;4735627.11859095;4735627.11859095;0;0;-0.280089;-3.767609;-1.99966;2.59402234;17.93745023;-31.0918872;0;0.07177237;2022-03-29 22:48:12;2022-03-30 00:48:52
2245;PRE;475;0.16622747;922995.88239708;922995.88239708;0;0;1.501914;-1.80097;-3.348693;-6.81565589;-20.6179572;-42.02614148;0;0.01400128;2022-03-29 22:48:12;2022-03-30 00:48:52
6859;FARM;476;97.68524331;15534155.279738;15534155.279738;0;0;-0.665154;-2.648473;-0.532978;22.00554316;3.50620661;-34.71512814;0.0034;0.23614043;2022-03-29 22:48:12;2022-03-30 00:48:52
2492;ELA;477;3.20954405;248827.50183201;248827.50183201;0;0;0.009914;-2.319795;6.121363;3.47421432;-27.55873994;17.47648366;0;0.00381029;2022-03-29 22:48:12;2022-03-30 00:48:52
1993;KIN;478;3.739e-05;1259934.72606202;1259934.72606202;0;0;-0.19774;0.21891;2.019158;-0.54847698;1.13217364;-48.11286302;0.0034;0.01939587;2022-03-29 22:48:12;2022-03-30 00:48:52
8206;QUICK;479;198.30215561;10067599.612985;10067599.612985;0;0;-1.189489;-5.788006;-1.653228;39.89302844;23.86624001;-34.37941539;0.0034;0.15520938;2022-03-29 22:48:12;2022-03-30 00:48:52
15261;ONUS;480;0.65830946;185045.73020815;185045.73020815;0;0;-0.116336;-0.935494;1.956894;14.82314537;6.08822953;-8.71785672;0;0.0028553;2022-03-29 22:48:12;2022-03-30 00:48:52
9868;XCAD;481;2.66285422;3524482.44154684;3524482.44154684;0;0;-2.484661;-12.285349;10.709891;7.7455174;-41.58280512;-57.07584952;0;0.05444958;2022-03-29 22:48:12;2022-03-30 00:48:52
8258;CUDOS;482;0.02260604;2130490.93640628;2130490.93640628;0;0;-0.08596;-13.744236;15.639587;6.96792486;1.76567951;-21.45422626;0;0.03314532;2022-03-29 22:48:12;2022-03-30 00:48:52
11212;ATLAS;483;0.02952643;8354756.86570207;8354756.86570207;0;0;-1.510213;-5.163074;20.080123;8.20461139;-33.6080648;-68.71965846;0;0.13099933;2022-03-29 22:48:12;2022-03-30 00:48:52
2915;MOC;484;0.17363664;25278110.5220294;25278110.5220294;0;0;-3.034001;-1.99714;14.660646;11.50934638;13.73219043;-18.4180054;0;0.39646681;2022-03-29 22:48:12;2022-03-30 00:48:52
4036;COS;485;0.01582892;23956755.744844;23956755.744844;0;0;-0.448351;-2.240183;0.846577;30.23780389;22.35998625;-32.73168488;0.0033;0.37719545;2022-03-29 22:48:12;2022-03-30 00:48:52
2763;MNW;486;1.34338876;476925.32435809;476925.32435809;0;0;-0.862716;-1.898994;10.882798;56.25741409;30.52980112;-30.07812248;0.0033;0.00752472;2022-03-29 22:48:12;2022-03-30 00:48:52
3481;PNY;487;0.36241115;1098148.36654999;1098148.36654999;0;0;7.959902;4.158539;9.484451;53.9372064;91.40189537;24.04155063;0.0033;0.01734723;2022-03-29 22:48:12;2022-03-30 00:48:52
3968;EUM;488;2.26316028;703280.54367372;703280.54367372;0;0;-1.665428;2.308247;15.789723;1.27776298;-8.59454753;-16.95636902;0;0.0111388;2022-03-29 22:48:12;2022-03-30 00:48:52
7242;CORE;489;6273.24818024;94121.83467676;94121.83467676;0;0;-0.530052;4.701078;0.13044;-4.44330244;-44.95868118;-8.04950913;0;0.00150037;2022-03-29 22:48:12;2022-03-30 00:48:52
2134;GRID;490;1.58884936;267.77501924;267.77501924;0;0;-0.837699;-1.821089;24.860661;37.86425948;20.25446427;-3.47824835;0;4.3e-06;2022-03-29 22:48:12;2022-03-30 00:48:52
2610;PCL;491;0.028997;0;0;0;0;-0.166335;-0.712315;-1.573922;846.00486632;970.69903639;642.78870602;0;0;2022-03-29 22:48:12;2022-03-30 00:48:52
6138;DIA;492;0.93302237;9518987.57288335;9518987.57288335;0;0;0.016737;-3.131299;6.332295;3.65986465;6.98369212;-18.44286656;0.0032;0.1546923;2022-03-29 22:48:12;2022-03-30 00:48:52
10223;VEGA;493;4.37216571;876506.75807807;876506.75807807;0;0;-0.399501;0.513508;7.316975;-5.11491037;-24.89429148;-53.46881996;0.0032;0.01432024;2022-03-29 22:48:12;2022-03-30 00:48:52
8669;SOV;494;2.852105;245555.55862052;245555.55862052;0;0;1.226244;2.30496;13.28146;-14.68478983;-42.97920546;-68.32638286;0;0.0040203;2022-03-29 22:48:12;2022-03-30 00:48:52
11562;SWP;495;1.79986487;343934.39526031;343934.39526031;0;0;-0.635596;4.369126;6.474927;14.61708752;24.58217226;24.08723977;0;0.00564448;2022-03-29 22:48:12;2022-03-30 00:48:52
11035;SPS;496;0.10146189;1059082.89535303;1059082.89535303;0;0;-0.719502;-0.863582;10.922836;-16.17328558;-5.94681111;-45.76073263;0;0.01753592;2022-03-29 22:48:12;2022-03-30 00:48:52
8525;RAI;497;2.71813359;6644491.84108607;6644491.84108607;0;0;-0.073573;-0.740153;-1.30493;0.21363426;-1.34884764;-0.02890806;0;0.11042251;2022-03-29 22:48:12;2022-03-30 00:48:52
8707;ALPACA;498;0.42317235;7703731.32666946;7703731.32666946;0;0;-1.57051;-3.763801;0.379065;24.95218313;34.2522257;-25.13055391;0;0.12856084;2022-03-29 22:48:12;2022-03-30 00:48:52
10293;BZZ;499;1.20410726;2370391.97115132;2370391.97115132;0;0;-0.16761;-3.070708;6.870236;5.06124665;-32.00660848;-38.11319329;0;0.03958429;2022-03-29 22:48:12;2022-03-30 00:48:52
4862;DAD;500;0.13386267;945593.55211791;945593.55211791;0;0;-0.76934;-1.976307;5.692358;8.38090544;-1.81660089;-30.92203722;0;0.01581472;2022-03-29 22:48:12;2022-03-30 00:48:52
